a1	G_theta	G_k	epsilon	mia	epsilon	delta	obj1	obj2
1	0.1	10.0	0.01	0.0010050167100071894	3.1808058698405422e-12	1.0	1.1142547833872071e-07
1	0.1	10.0	0.10966666666666666	0.01159060397772771	9.164266153144018e-18	1.0	1.1142547833872071e-07
1	0.1	10.0	0.20933333333333334	0.023285588200654017	2.6403300786750398e-23	1.0	1.1142547833872071e-07
1	0.1	10.0	0.309	0.036206237050342205	7.60709347356139e-29	1.0	1.1142547833872071e-07
1	0.1	10.0	0.4086666666666667	0.050481003353120224	2.191690788317654e-34	1.0	1.1142547833872071e-07
1	0.1	10.0	0.5083333333333333	0.06625180212410026	6.314512275011586e-40	1.0	1.1142547833872071e-07
1	0.1	10.0	0.608	0.08367542143941897	1.8192833352134787e-45	1.0	1.1142547833872071e-07
1	0.1	10.0	0.7076666666666667	0.10292508117154198	5.241563733882211e-51	1.0	1.1142547833872071e-07
1	0.1	10.0	0.8073333333333333	0.12419215508406323	1.5101545671623143e-56	1.0	1.1142547833872071e-07
1	0.1	10.0	0.907	0.1476880734064991	4.350928334571718e-62	1.0	1.1142547833872071e-07
1	0.1	10.0	1.0066666666666666	0.1736464248038459	1.2535523041295021e-67	1.0	1.1142547833872071e-07
1	0.1	10.0	1.1063333333333334	0.2023252786379906	3.611627814464965e-73	1.0	1.1142547833872071e-07
1	0.1	10.0	1.206	0.23400975060812873	1.0405513537207335e-78	1.0	1.1142547833872071e-07
1	0.1	10.0	1.3056666666666668	0.2690148372769424	2.9979476716663056e-84	1.0	1.1142547833872071e-07
1	0.1	10.0	1.4053333333333333	0.3018858875743611	8.63743073315157e-90	1.0	1.1142547833872071e-07
1	0.1	10.0	1.5050000000000001	0.31119308246722027	2.488542757936809e-95	1.0	1.1142547833872071e-07
1	0.1	10.0	1.6046666666666667	0.31961738829721076	7.169776811420094e-101	1.0	1.1142547833872071e-07
1	0.1	10.0	1.7043333333333333	0.327242556732403	2.0656948473812621e-106	1.0	1.1142547833872071e-07
1	0.1	10.0	1.804	0.33414439468064816	5.951503533137294e-112	1.0	1.1142547833872071e-07
1	0.1	10.0	1.9036666666666666	0.34039151793683586	1.7146963574919644e-117	1.0	1.1142547833872071e-07
1	0.1	10.0	2.0033333333333334	0.3460460333384795	4.940236667970711e-123	1.0	1.1142547833872071e-07
1	0.1	10.0	2.1029999999999998	0.3511641562113963	1.4233387870060907e-128	1.0	1.1142547833872071e-07
1	0.1	10.0	2.2026666666666666	0.35579676924392256	4.1008021249881245e-134	1.0	1.1142547833872071e-07
1	0.1	10.0	2.3023333333333333	0.3599899283458066	1.1814880773171227e-139	1.0	1.1142547833872071e-07
1	0.1	10.0	2.4019999999999997	0.36378532052086265	3.404002520230436e-145	1.0	1.1142547833872071e-07
1	0.1	10.0	2.5016666666666665	0.3672206783054037	9.807321275764665e-151	1.0	1.1142547833872071e-07
1	0.1	10.0	2.6013333333333333	0.3703301548926639	2.825601627332375e-156	1.0	1.1142547833872071e-07
1	0.1	10.0	2.7009999999999996	0.3731446636725727	8.140882032806979e-162	1.0	1.1142547833872071e-07
1	0.1	10.0	2.8006666666666664	0.37569218556247497	2.3454813881404924e-167	1.0	1.1142547833872071e-07
1	0.1	10.0	2.900333333333333	0.3779980471841756	6.757600613721959e-173	1.0	1.1142547833872071e-07
1	0.1	10.0	3.0	0.38008517265285446	1.9469421622986714e-178	1.0	1.1142547833872071e-07
1	1.2000000000000002	10.0	0.01	0.001005016708416795	3.6813041227241245e-23	12.000000000000002	4.126043776206224e-18
1	1.2000000000000002	10.0	0.10966666666666666	0.01159060397772771	1.0606258964493637e-28	12.000000000000002	4.126043776206224e-18
1	1.2000000000000002	10.0	0.20933333333333334	0.023285588200654017	3.055784729316475e-34	12.000000000000002	4.126043776206224e-18
1	1.2000000000000002	10.0	0.309	0.036206237050342205	8.804065922945999e-40	12.000000000000002	4.126043776206224e-18
1	1.2000000000000002	10.0	0.4086666666666667	0.050481003353120224	2.5365522653460852e-45	12.000000000000002	4.126043776206224e-18
1	1.2000000000000002	10.0	0.5083333333333333	0.06625180212410026	7.308097702975371e-51	12.000000000000002	4.126043776206224e-18
1	1.2000000000000002	10.0	0.608	0.08367542143941897	2.105546681055551e-56	12.000000000000002	4.126043776206224e-18
1	1.2000000000000002	10.0	0.7076666666666667	0.10292508117154198	6.0663212319930615e-62	12.000000000000002	4.126043776206224e-18
1	1.2000000000000002	10.0	0.8073333333333333	0.12419215508406323	1.7477766520607908e-67	12.000000000000002	4.126043776206224e-18
1	1.2000000000000002	10.0	0.907	0.1476880734064991	5.035544786811922e-73	12.000000000000002	4.126043776206224e-18
1	1.2000000000000002	10.0	1.0066666666666666	0.1736464248038459	1.4507981480408728e-78	12.000000000000002	4.126043776206224e-18
1	1.2000000000000002	10.0	1.1063333333333334	0.2023252786379906	4.1799156902968515e-84	12.000000000000002	4.126043776206224e-18
1	1.2000000000000002	10.0	1.206	0.23400975060812873	1.204281601929511e-89	12.000000000000002	4.126043776206224e-18
1	1.2000000000000002	10.0	1.3056666666666668	0.2690148372769424	3.469673276215937e-95	12.000000000000002	4.126043776206224e-18
1	1.2000000000000002	10.0	1.4053333333333333	0.3018858875743611	9.996526248012899e-101	12.000000000000002	4.126043776206224e-18
1	1.2000000000000002	10.0	1.5050000000000001	0.31119308246722027	2.880113747660798e-106	12.000000000000002	4.126043776206224e-18
1	1.2000000000000002	10.0	1.6046666666666667	0.31961738829721076	8.297937697221417e-112	12.000000000000002	4.126043776206224e-18
1	1.2000000000000002	10.0	1.7043333333333333	0.327242556732403	2.3907309245300576e-117	12.000000000000002	4.126043776206224e-18
1	1.2000000000000002	10.0	1.804	0.33414439468064816	6.887969712544432e-123	12.000000000000002	4.126043776206224e-18
1	1.2000000000000002	10.0	1.9036666666666666	0.34039151793683586	1.9845029933788197e-128	12.000000000000002	4.126043776206224e-18
1	1.2000000000000002	10.0	2.0033333333333334	0.3460460333384795	5.717580499166383e-134	12.000000000000002	4.126043776206224e-18
1	1.2000000000000002	10.0	2.1029999999999998	0.3511641562113963	1.647300451222217e-139	12.000000000000002	4.126043776206224e-18
1	1.2000000000000002	10.0	2.2026666666666666	0.35579676924392256	4.7460613400940485e-145	12.000000000000002	4.126043776206224e-18
1	1.2000000000000002	10.0	2.3023333333333333	0.3599899283458066	1.3673946502729833e-150	12.000000000000002	4.126043776206224e-18
1	1.2000000000000002	10.0	2.4019999999999997	0.36378532052086265	3.9396206572381465e-156	12.000000000000002	4.126043776206224e-18
1	1.2000000000000002	10.0	2.5016666666666665	0.3672206783054037	1.1350498497150959e-161	12.000000000000002	4.126043776206224e-18
1	1.2000000000000002	10.0	2.6013333333333333	0.3703301548926639	3.270208665829886e-167	12.000000000000002	4.126043776206224e-18
1	1.2000000000000002	10.0	2.7009999999999996	0.3731446636725727	9.4218458517511e-173	12.000000000000002	4.126043776206224e-18
1	1.2000000000000002	10.0	2.8006666666666664	0.37569218556247497	2.7145417410736324e-178	12.000000000000002	4.126043776206224e-18
1	1.2000000000000002	10.0	2.900333333333333	0.3779980471841756	7.820905775763194e-184	12.000000000000002	4.126043776206224e-18
1	1.2000000000000002	10.0	3.0	0.38008517265285446	2.2532925623451277e-189	12.000000000000002	4.126043776206224e-18
1	2.3000000000000003	10.0	0.01	0.001005016708416795	5.485032431932053e-26	23.000000000000004	6.3943388882094226e-21
1	2.3000000000000003	10.0	0.10966666666666666	0.01159060397772771	1.5803006886230503e-31	23.000000000000004	6.3943388882094226e-21
1	2.3000000000000003	10.0	0.20933333333333334	0.023285588200654017	4.553027347520715e-37	23.000000000000004	6.3943388882094226e-21
1	2.3000000000000003	10.0	0.309	0.036206237050342205	1.311779345317761e-42	23.000000000000004	6.3943388882094226e-21
1	2.3000000000000003	10.0	0.4086666666666667	0.050481003353120224	3.779386591515448e-48	23.000000000000004	6.3943388882094226e-21
1	2.3000000000000003	10.0	0.5083333333333333	0.06625180212410026	1.088884579492057e-53	23.000000000000004	6.3943388882094226e-21
1	2.3000000000000003	10.0	0.608	0.08367542143941897	3.1372012329125963e-59	23.000000000000004	6.3943388882094226e-21
1	2.3000000000000003	10.0	0.7076666666666667	0.10292508117154198	9.038636198135626e-65	23.000000000000004	6.3943388882094226e-21
1	2.3000000000000003	10.0	0.8073333333333333	0.12419215508406323	2.6041346492267372e-70	23.000000000000004	6.3943388882094226e-21
1	2.3000000000000003	10.0	0.907	0.1476880734064991	7.502810294214805e-76	23.000000000000004	6.3943388882094226e-21
1	2.3000000000000003	10.0	1.0066666666666666	0.1736464248038459	2.1616456095191106e-81	23.000000000000004	6.3943388882094226e-21
1	2.3000000000000003	10.0	1.1063333333333334	0.2023252786379906	6.227948672454245e-87	23.000000000000004	6.3943388882094226e-21
1	2.3000000000000003	10.0	1.206	0.23400975060812873	1.7943433695107172e-92	23.000000000000004	6.3943388882094226e-21
1	2.3000000000000003	10.0	1.3056666666666668	0.2690148372769424	5.169708835185712e-98	23.000000000000004	6.3943388882094226e-21
1	2.3000000000000003	10.0	1.4053333333333333	0.3018858875743611	1.4894523475674335e-103	23.000000000000004	6.3943388882094226e-21
1	2.3000000000000003	10.0	1.5050000000000001	0.31119308246722027	4.291282867953591e-109	23.000000000000004	6.3943388882094226e-21
1	2.3000000000000003	10.0	1.6046666666666667	0.31961738829721076	1.2363677618064106e-114	23.000000000000004	6.3943388882094226e-21
1	2.3000000000000003	10.0	1.7043333333333333	0.327242556732403	3.562117179106174e-120	23.000000000000004	6.3943388882094226e-21
1	2.3000000000000003	10.0	1.804	0.33414439468064816	1.0262867724037365e-125	23.000000000000004	6.3943388882094226e-21
1	2.3000000000000003	10.0	1.9036666666666666	0.34039151793683586	2.956849778521968e-131	23.000000000000004	6.3943388882094226e-21
1	2.3000000000000003	10.0	2.0033333333333334	0.3460460333384795	8.519022994194329e-137	23.000000000000004	6.3943388882094226e-21
1	2.3000000000000003	10.0	2.1029999999999998	0.3511641562113963	2.454428131681856e-142	23.000000000000004	6.3943388882094226e-21
1	2.3000000000000003	10.0	2.2026666666666666	0.35579676924392256	7.07148866448232e-148	23.000000000000004	6.3943388882094226e-21
1	2.3000000000000003	10.0	2.3023333333333333	0.3599899283458066	2.0373769061079093e-153	23.000000000000004	6.3943388882094226e-21
1	2.3000000000000003	10.0	2.4019999999999997	0.36378532052086265	5.869916299789397e-159	23.000000000000004	6.3943388882094226e-21
1	2.3000000000000003	10.0	2.5016666666666665	0.3672206783054037	1.6911901407753725e-164	23.000000000000004	6.3943388882094226e-21
1	2.3000000000000003	10.0	2.6013333333333333	0.3703301548926639	4.8725125643758175e-170	23.000000000000004	6.3943388882094226e-21
1	2.3000000000000003	10.0	2.7009999999999996	0.3731446636725727	1.4038266968087143e-175	23.000000000000004	6.3943388882094226e-21
1	2.3000000000000003	10.0	2.8006666666666664	0.37569218556247497	4.044585557523769e-181	23.000000000000004	6.3943388882094226e-21
1	2.3000000000000003	10.0	2.900333333333333	0.3779980471841756	1.1652914401270212e-186	23.000000000000004	6.3943388882094226e-21
1	2.3000000000000003	10.0	3.0	0.38008517265285446	3.3573381527492317e-192	23.000000000000004	6.3943388882094226e-21
1	3.4000000000000004	10.0	0.01	0.001005016708416795	1.0997618293981826e-27	34.0	1.2996815088071267e-22
1	3.4000000000000004	10.0	0.10966666666666666	0.01159060397772771	3.168539836157546e-33	34.0	1.2996815088071267e-22
1	3.4000000000000004	10.0	0.20933333333333334	0.023285588200654017	9.128926304717481e-39	34.0	1.2996815088071267e-22
1	3.4000000000000004	10.0	0.309	0.036206237050342205	2.6301482634356327e-44	34.0	1.2996815088071267e-22
1	3.4000000000000004	10.0	0.4086666666666667	0.050481003353120224	7.577758497270905e-50	34.0	1.2996815088071267e-22
1	3.4000000000000004	10.0	0.5083333333333333	0.06625180212410026	2.183239045541675e-55	34.0	1.2996815088071267e-22
1	3.4000000000000004	10.0	0.608	0.08367542143941897	6.290161835712194e-61	34.0	1.2996815088071267e-22
1	3.4000000000000004	10.0	0.7076666666666667	0.10292508117154198	1.812267694655144e-66	34.0	1.2996815088071267e-22
1	3.4000000000000004	10.0	0.8073333333333333	0.12419215508406323	5.221350869613688e-72	34.0	1.2996815088071267e-22
1	3.4000000000000004	10.0	0.907	0.1476880734064991	1.5043310093768551e-77	34.0	1.2996815088071267e-22
1	3.4000000000000004	10.0	1.0066666666666666	0.1736464248038459	4.334149997355419e-83	34.0	1.2996815088071267e-22
1	3.4000000000000004	10.0	1.1063333333333334	0.2023252786379906	1.2487182729389303e-88	34.0	1.2996815088071267e-22
1	3.4000000000000004	10.0	1.206	0.23400975060812873	3.59770041674393e-94	34.0	1.2996815088071267e-22
1	3.4000000000000004	10.0	1.3056666666666668	0.2690148372769424	1.0365387108635742e-99	34.0	1.2996815088071267e-22
1	3.4000000000000004	10.0	1.4053333333333333	0.3018858875743611	2.9863867878447185e-105	34.0	1.2996815088071267e-22
1	3.4000000000000004	10.0	1.5050000000000001	0.31119308246722027	8.604122502268095e-111	34.0	1.2996815088071267e-22
1	3.4000000000000004	10.0	1.6046666666666667	0.31961738829721076	2.4789462749890032e-116	34.0	1.2996815088071267e-22
1	3.4000000000000004	10.0	1.7043333333333333	0.327242556732403	7.142128244526508e-122	34.0	1.2996815088071267e-22
1	3.4000000000000004	10.0	1.804	0.33414439468064816	2.0577289784745165e-127	34.0	1.2996815088071267e-22
1	3.4000000000000004	10.0	1.9036666666666666	0.34039151793683586	5.928552952124273e-133	34.0	1.2996815088071267e-22
1	3.4000000000000004	10.0	2.0033333333333334	0.3460460333384795	1.7080840321448922e-138	34.0	1.2996815088071267e-22
1	3.4000000000000004	10.0	2.1029999999999998	0.3511641562113963	4.921185801036476e-144	34.0	1.2996815088071267e-22
1	3.4000000000000004	10.0	2.2026666666666666	0.35579676924392256	1.4178500139661696e-149	34.0	1.2996815088071267e-22
1	3.4000000000000004	10.0	2.3023333333333333	0.3599899283458066	4.084988340981696e-155	34.0	1.2996815088071267e-22
1	3.4000000000000004	10.0	2.4019999999999997	0.36378532052086265	1.1769319449577937e-160	34.0	1.2996815088071267e-22
1	3.4000000000000004	10.0	2.5016666666666665	0.3672206783054037	3.3908757808822884e-166	34.0	1.2996815088071267e-22
1	3.4000000000000004	10.0	2.6013333333333333	0.3703301548926639	9.769501635701121e-172	34.0	1.2996815088071267e-22
1	3.4000000000000004	10.0	2.7009999999999996	0.3731446636725727	2.814705355710315e-177	34.0	1.2996815088071267e-22
1	3.4000000000000004	10.0	2.8006666666666664	0.37569218556247497	8.109488625818585e-183	34.0	1.2996815088071267e-22
1	3.4000000000000004	10.0	2.900333333333333	0.3779980471841756	2.3364365878958916e-188	34.0	1.2996815088071267e-22
1	3.4000000000000004	10.0	3.0	0.38008517265285446	6.731541507905578e-194	34.0	1.2996815088071267e-22
1	4.5	10.0	0.01	0.001005016708416795	6.664931827408957e-29	45.0	7.93120075097233e-24
1	4.5	10.0	0.10966666666666666	0.01159060397772771	1.920243223205514e-34	45.0	7.93120075097233e-24
1	4.5	10.0	0.20933333333333334	0.023285588200654017	5.532440738707721e-40	45.0	7.93120075097233e-24
1	4.5	10.0	0.309	0.036206237050342205	1.5939595649877227e-45	45.0	7.93120075097233e-24
1	4.5	10.0	0.4086666666666667	0.050481003353120224	4.592380135298682e-51	45.0	7.93120075097233e-24
1	4.5	10.0	0.5083333333333333	0.06625180212410026	1.3231173343627875e-56	45.0	7.93120075097233e-24
1	4.5	10.0	0.608	0.08367542143941897	3.812052637008847e-62	45.0	7.93120075097233e-24
1	4.5	10.0	0.7076666666666667	0.10292508117154198	1.0982960414712574e-67	45.0	7.93120075097233e-24
1	4.5	10.0	0.8073333333333333	0.12419215508406323	3.164316733196778e-73	45.0	7.93120075097233e-24
1	4.5	10.0	0.907	0.1476880734064991	9.11675906122389e-79	45.0	7.93120075097233e-24
1	4.5	10.0	1.0066666666666666	0.1736464248038459	2.626642741178439e-84	45.0	7.93120075097233e-24
1	4.5	10.0	1.1063333333333334	0.2023252786379906	7.567658686001285e-90	45.0	7.93120075097233e-24
1	4.5	10.0	1.206	0.23400975060812873	2.1803291741958964e-95	45.0	7.93120075097233e-24
1	4.5	10.0	1.3056666666666668	0.2690148372769424	6.281778162965129e-101	45.0	7.93120075097233e-24
1	4.5	10.0	1.4053333333333333	0.3018858875743611	1.8098522624804923e-106	45.0	7.93120075097233e-24
1	4.5	10.0	1.5050000000000001	0.31119308246722027	5.214391732769239e-112	45.0	7.93120075097233e-24
1	4.5	10.0	1.6046666666666667	0.31961738829721076	1.5023260023174172e-117	45.0	7.93120075097233e-24
1	4.5	10.0	1.7043333333333333	0.327242556732403	4.3283733422925514e-123	45.0	7.93120075097233e-24
1	4.5	10.0	1.804	0.33414439468064816	1.2470539524290564e-128	45.0	7.93120075097233e-24
1	4.5	10.0	1.9036666666666666	0.34039151793683586	3.592905318664882e-134	45.0	7.93120075097233e-24
1	4.5	10.0	2.0033333333333334	0.3460460333384795	1.0351571881669682e-139	45.0	7.93120075097233e-24
1	4.5	10.0	2.1029999999999998	0.3511641562113963	2.9824064626673533e-145	45.0	7.93120075097233e-24
1	4.5	10.0	2.2026666666666666	0.35579676924392256	8.592654729384722e-151	45.0	7.93120075097233e-24
1	4.5	10.0	2.3023333333333333	0.3599899283458066	2.475642278228686e-156	45.0	7.93120075097233e-24
1	4.5	10.0	2.4019999999999997	0.36378532052086265	7.132609051303658e-162	45.0	7.93120075097233e-24
1	4.5	10.0	2.5016666666666665	0.3672206783054037	2.054986389840468e-167	45.0	7.93120075097233e-24
1	4.5	10.0	2.6013333333333333	0.3703301548926639	5.9206512400363645e-173	45.0	7.93120075097233e-24
1	4.5	10.0	2.7009999999999996	0.3731446636725727	1.7058074583582736e-178	45.0	7.93120075097233e-24
1	4.5	10.0	2.8006666666666664	0.37569218556247497	4.914626731117295e-184	45.0	7.93120075097233e-24
1	4.5	10.0	2.900333333333333	0.3779980471841756	1.4159602707716418e-189	45.0	7.93120075097233e-24
1	4.5	10.0	3.0	0.38008517265285446	4.079543774320162e-195	45.0	7.93120075097233e-24
1	5.6	10.0	0.01	0.001005016708416795	7.48077308189734e-30	56.0	8.939370537910422e-25
1	5.6	10.0	0.10966666666666666	0.01159060397772771	2.1552964361581567e-35	56.0	8.939370537910422e-25
1	5.6	10.0	0.20933333333333334	0.023285588200654017	6.20965597654229e-41	56.0	8.939370537910422e-25
1	5.6	10.0	0.309	0.036206237050342205	1.789073034229172e-46	56.0	8.939370537910422e-25
1	5.6	10.0	0.4086666666666667	0.050481003353120224	5.154524395388759e-52	56.0	8.939370537910422e-25
1	5.6	10.0	0.5083333333333333	0.06625180212410026	1.4850775364855913e-57	56.0	8.939370537910422e-25
1	5.6	10.0	0.608	0.08367542143941897	4.2786785359810346e-63	56.0	8.939370537910422e-25
1	5.6	10.0	0.7076666666666667	0.10292508117154198	1.2327363093504681e-68	56.0	8.939370537910422e-25
1	5.6	10.0	0.8073333333333333	0.12419215508406323	3.551654548505555e-74	56.0	8.939370537910422e-25
1	5.6	10.0	0.907	0.1476880734064991	1.0232723686516801e-79	56.0	8.939370537910422e-25
1	5.6	10.0	1.0066666666666666	0.1736464248038459	2.9481649359356666e-85	56.0	8.939370537910422e-25
1	5.6	10.0	1.1063333333333334	0.2023252786379906	8.494000967633804e-91	56.0	8.939370537910422e-25
1	5.6	10.0	1.206	0.23400975060812873	2.4472189991388064e-96	56.0	8.939370537910422e-25
1	5.6	10.0	1.3056666666666668	0.2690148372769424	7.050718327636485e-102	56.0	8.939370537910422e-25
1	5.6	10.0	1.4053333333333333	0.3018858875743611	2.031392734085698e-107	56.0	8.939370537910422e-25
1	5.6	10.0	1.5050000000000001	0.31119308246722027	5.852675214554282e-113	56.0	8.939370537910422e-25
1	5.6	10.0	1.6046666666666667	0.31961738829721076	1.6862227865786968e-118	56.0	8.939370537910422e-25
1	5.6	10.0	1.7043333333333333	0.327242556732403	4.858201047798557e-124	56.0	8.939370537910422e-25
1	5.6	10.0	1.804	0.33414439468064816	1.399703384907939e-129	56.0	8.939370537910422e-25
1	5.6	10.0	1.9036666666666666	0.34039151793683586	4.032705823507718e-135	56.0	8.939370537910422e-25
1	5.6	10.0	2.0033333333333334	0.3460460333384795	1.1618687526444587e-140	56.0	8.939370537910422e-25
1	5.6	10.0	2.1029999999999998	0.3511641562113963	3.347476997956341e-146	56.0	8.939370537910422e-25
1	5.6	10.0	2.2026666666666666	0.35579676924392256	9.644464769658167e-152	56.0	8.939370537910422e-25
1	5.6	10.0	2.3023333333333333	0.3599899283458066	2.778680801988014e-157	56.0	8.939370537910422e-25
1	5.6	10.0	2.4019999999999997	0.36378532052086265	8.005697759017116e-163	56.0	8.939370537910422e-25
1	5.6	10.0	2.5016666666666665	0.3672206783054037	2.3065332499822876e-168	56.0	8.939370537910422e-25
1	5.6	10.0	2.6013333333333333	0.3703301548926639	6.645386565189314e-174	56.0	8.939370537910422e-25
1	5.6	10.0	2.7009999999999996	0.3731446636725727	1.9146120092194753e-179	56.0	8.939370537910422e-25
1	5.6	10.0	2.8006666666666664	0.37569218556247497	5.5162165660152205e-185	56.0	8.939370537910422e-25
1	5.6	10.0	2.900333333333333	0.3779980471841756	1.5892851949458687e-190	56.0	8.939370537910422e-25
1	5.6	10.0	3.0	0.38008517265285446	4.578912739640176e-196	56.0	8.939370537910422e-25
1	6.7	10.0	0.01	0.001005016708416795	1.244567941723513e-30	67.0	1.4914082449160624e-25
1	6.7	10.0	0.10966666666666666	0.01159060397772771	3.585742836986365e-36	67.0	1.4914082449160624e-25
1	6.7	10.0	0.20933333333333334	0.023285588200654017	1.0330935951309755e-41	67.0	1.4914082449160624e-25
1	6.7	10.0	0.309	0.036206237050342205	2.976461014693515e-47	67.0	1.4914082449160624e-25
1	6.7	10.0	0.4086666666666667	0.050481003353120224	8.575525212570204e-53	67.0	1.4914082449160624e-25
1	6.7	10.0	0.5083333333333333	0.06625180212410026	2.4707070681722836e-58	67.0	1.4914082449160624e-25
1	6.7	10.0	0.608	0.08367542143941897	7.118390145677251e-64	67.0	1.4914082449160624e-25
1	6.7	10.0	0.7076666666666667	0.10292508117154198	2.0508897602158655e-69	67.0	1.4914082449160624e-25
1	6.7	10.0	0.8073333333333333	0.12419215508406323	5.90884838071487e-75	67.0	1.4914082449160624e-25
1	6.7	10.0	0.907	0.1476880734064991	1.702406919355911e-80	67.0	1.4914082449160624e-25
1	6.7	10.0	1.0066666666666666	0.1736464248038459	4.90482938863362e-86	67.0	1.4914082449160624e-25
1	6.7	10.0	1.1063333333333334	0.2023252786379906	1.4131375441486427e-91	67.0	1.4914082449160624e-25
1	6.7	10.0	1.206	0.23400975060812873	4.071411175504245e-97	67.0	1.4914082449160624e-25
1	6.7	10.0	1.3056666666666668	0.2690148372769424	1.1730202080228115e-102	67.0	1.4914082449160624e-25
1	6.7	10.0	1.4053333333333333	0.3018858875743611	3.3796056185839372e-108	67.0	1.4914082449160624e-25
1	6.7	10.0	1.5050000000000001	0.31119308246722027	9.737031006836118e-114	67.0	1.4914082449160624e-25
1	6.7	10.0	1.6046666666666667	0.31961738829721076	2.8053501955004295e-119	67.0	1.4914082449160624e-25
1	6.7	10.0	1.7043333333333333	0.327242556732403	8.082535337383058e-125	67.0	1.4914082449160624e-25
1	6.7	10.0	1.804	0.33414439468064816	2.328671036679212e-130	67.0	1.4914082449160624e-25
1	6.7	10.0	1.9036666666666666	0.34039151793683586	6.7091680651091164e-136	67.0	1.4914082449160624e-25
1	6.7	10.0	2.0033333333333334	0.3460460333384795	1.9329881901254052e-141	67.0	1.4914082449160624e-25
1	6.7	10.0	2.1029999999999998	0.3511641562113963	5.569160448663963e-147	67.0	1.4914082449160624e-25
1	6.7	10.0	2.2026666666666666	0.35579676924392256	1.6045389341436718e-152	67.0	1.4914082449160624e-25
1	6.7	10.0	2.3023333333333333	0.3599899283458066	4.622860509972453e-158	67.0	1.4914082449160624e-25
1	6.7	10.0	2.4019999999999997	0.36378532052086265	1.3318990795364783e-163	67.0	1.4914082449160624e-25
1	6.7	10.0	2.5016666666666665	0.3672206783054037	3.837353851026295e-169	67.0	1.4914082449160624e-25
1	6.7	10.0	2.6013333333333333	0.3703301548926639	1.1055856111193473e-174	67.0	1.4914082449160624e-25
1	6.7	10.0	2.7009999999999996	0.3731446636725727	3.1853188185585292e-180	67.0	1.4914082449160624e-25
1	6.7	10.0	2.8006666666666664	0.37569218556247497	9.177268475473354e-186	67.0	1.4914082449160624e-25
1	6.7	10.0	2.900333333333333	0.3779980471841756	2.6440761967127235e-191	67.0	1.4914082449160624e-25
1	6.7	10.0	3.0	0.38008517265285446	7.617886468840855e-197	67.0	1.4914082449160624e-25
1	7.800000000000001	10.0	0.01	0.001005016708416795	2.721316034839192e-31	78.0	3.267604450588106e-26
1	7.800000000000001	10.0	0.10966666666666666	0.01159060397772771	7.84042329226936e-37	78.0	3.267604450588106e-26
1	7.800000000000001	10.0	0.20933333333333334	0.023285588200654017	2.25891578247333e-42	78.0	3.267604450588106e-26
1	7.800000000000001	10.0	0.309	0.036206237050342205	6.50819518550538e-48	78.0	3.267604450588106e-26
1	7.800000000000001	10.0	0.4086666666666667	0.050481003353120224	1.875085600856582e-53	78.0	3.267604450588106e-26
1	7.800000000000001	10.0	0.5083333333333333	0.06625180212410026	5.402336454767476e-59	78.0	3.267604450588106e-26
1	7.800000000000001	10.0	0.608	0.08367542143941897	1.5564750301094062e-64	78.0	3.267604450588106e-26
1	7.800000000000001	10.0	0.7076666666666667	0.10292508117154198	4.484382895508274e-70	78.0	3.267604450588106e-26
1	7.800000000000001	10.0	0.8073333333333333	0.12419215508406323	1.2920020921963421e-75	78.0	3.267604450588106e-26
1	7.800000000000001	10.0	0.907	0.1476880734064991	3.7224060592858284e-81	78.0	3.267604450588106e-26
1	7.800000000000001	10.0	1.0066666666666666	0.1736464248038459	1.0724678352999249e-86	78.0	3.267604450588106e-26
1	7.800000000000001	10.0	1.1063333333333334	0.2023252786379906	3.0899027119398845e-92	78.0	3.267604450588106e-26
1	7.800000000000001	10.0	1.206	0.23400975060812873	8.902363739965857e-98	78.0	3.267604450588106e-26
1	7.800000000000001	10.0	1.3056666666666668	0.2690148372769424	2.564872992680764e-103	78.0	3.267604450588106e-26
1	7.800000000000001	10.0	1.4053333333333333	0.3018858875743611	7.3896929632855e-109	78.0	3.267604450588106e-26
1	7.800000000000001	10.0	1.5050000000000001	0.31119308246722027	2.1290552104318714e-114	78.0	3.267604450588106e-26
1	7.800000000000001	10.0	1.6046666666666667	0.31961738829721076	6.1340519986259544e-120	78.0	3.267604450588106e-26
1	7.800000000000001	10.0	1.7043333333333333	0.327242556732403	1.7672906619557557e-125	78.0	3.267604450588106e-26
1	7.800000000000001	10.0	1.804	0.33414439468064816	5.091766885144837e-131	78.0	3.267604450588106e-26
1	7.800000000000001	10.0	1.9036666666666666	0.34039151793683586	1.466996378737535e-136	78.0	3.267604450588106e-26
1	7.800000000000001	10.0	2.0033333333333334	0.3460460333384795	4.226584648852841e-142	78.0	3.267604450588106e-26
1	7.800000000000001	10.0	2.1029999999999998	0.3511641562113963	1.2177274636010971e-147	78.0	3.267604450588106e-26
1	7.800000000000001	10.0	2.2026666666666666	0.35579676924392256	3.5084123442568765e-153	78.0	3.267604450588106e-26
1	7.800000000000001	10.0	2.3023333333333333	0.3599899283458066	1.0108137941583124e-158	78.0	3.267604450588106e-26
1	7.800000000000001	10.0	2.4019999999999997	0.36378532052086265	2.912270355373923e-164	78.0	3.267604450588106e-26
1	7.800000000000001	10.0	2.5016666666666665	0.3672206783054037	8.390584568399174e-170	78.0	3.267604450588106e-26
1	7.800000000000001	10.0	2.6013333333333333	0.3703301548926639	2.4174235496216163e-175	78.0	3.267604450588106e-26
1	7.800000000000001	10.0	2.7009999999999996	0.3731446636725727	6.96487422375244e-181	78.0	3.267604450588106e-26
1	7.800000000000001	10.0	2.8006666666666664	0.37569218556247497	2.006660064194316e-186	78.0	3.267604450588106e-26
1	7.800000000000001	10.0	2.900333333333333	0.3779980471841756	5.7814175588412776e-192	78.0	3.267604450588106e-26
1	7.800000000000001	10.0	3.0	0.38008517265285446	1.665692639530276e-197	78.0	3.267604450588106e-26
1	8.9	10.0	0.01	0.001005016708416795	7.274354233530487e-32	89.0	8.747843132008693e-27
1	8.9	10.0	0.10966666666666666	0.01159060397772771	2.095824800891269e-37	89.0	8.747843132008693e-27
1	8.9	10.0	0.20933333333333334	0.023285588200654017	6.038311381351454e-43	89.0	8.747843132008693e-27
1	8.9	10.0	0.309	0.036206237050342205	1.7397066931669592e-48	89.0	8.747843132008693e-27
1	8.9	10.0	0.4086666666666667	0.050481003353120224	5.0122943106199524e-54	89.0	8.747843132008693e-27
1	8.9	10.0	0.5083333333333333	0.06625180212410026	1.4440994194566433e-59	89.0	8.747843132008693e-27
1	8.9	10.0	0.608	0.08367542143941897	4.160615885736238e-65	89.0	8.747843132008693e-27
1	8.9	10.0	0.7076666666666667	0.10292508117154198	1.198721107107298e-70	89.0	8.747843132008693e-27
1	8.9	10.0	0.8073333333333333	0.12419215508406323	3.4536528535371735e-76	89.0	8.747843132008693e-27
1	8.9	10.0	0.907	0.1476880734064991	9.950369574728618e-82	89.0	8.747843132008693e-27
1	8.9	10.0	1.0066666666666666	0.1736464248038459	2.8668154812457875e-87	89.0	8.747843132008693e-27
1	8.9	10.0	1.1063333333333334	0.2023252786379906	8.259623868025225e-93	89.0	8.747843132008693e-27
1	8.9	10.0	1.206	0.23400975060812873	2.3796922713563015e-98	89.0	8.747843132008693e-27
1	8.9	10.0	1.3056666666666668	0.2690148372769424	6.85616608799264e-104	89.0	8.747843132008693e-27
1	8.9	10.0	1.4053333333333333	0.3018858875743611	1.975340004754119e-109	89.0	8.747843132008693e-27
1	8.9	10.0	1.5050000000000001	0.31119308246722027	5.691180879085451e-115	89.0	8.747843132008693e-27
1	8.9	10.0	1.6046666666666667	0.31961738829721076	1.639694418202174e-120	89.0	8.747843132008693e-27
1	8.9	10.0	1.7043333333333333	0.327242556732403	4.724147487499229e-126	89.0	8.747843132008693e-27
1	8.9	10.0	1.804	0.33414439468064816	1.3610810182615536e-131	89.0	8.747843132008693e-27
1	8.9	10.0	1.9036666666666666	0.34039151793683586	3.9214303600257997e-137	89.0	8.747843132008693e-27
1	8.9	10.0	2.0033333333333334	0.3460460333384795	1.1298090166721447e-142	89.0	8.747843132008693e-27
1	8.9	10.0	2.1029999999999998	0.3511641562113963	3.25510922536274e-148	89.0	8.747843132008693e-27
1	8.9	10.0	2.2026666666666666	0.35579676924392256	9.378342633740683e-154	89.0	8.747843132008693e-27
1	8.9	10.0	2.3023333333333333	0.3599899283458066	2.702007965524932e-159	89.0	8.747843132008693e-27
1	8.9	10.0	2.4019999999999997	0.36378532052086265	7.7847945323453735e-165	89.0	8.747843132008693e-27
1	8.9	10.0	2.5016666666666665	0.3672206783054037	2.2428884993704056e-170	89.0	8.747843132008693e-27
1	8.9	10.0	2.6013333333333333	0.3703301548926639	6.462018746553154e-176	89.0	8.747843132008693e-27
1	8.9	10.0	2.7009999999999996	0.3731446636725727	1.8617816397261138e-181	89.0	8.747843132008693e-27
1	8.9	10.0	2.8006666666666664	0.37569218556247497	5.364006218443657e-187	89.0	8.747843132008693e-27
1	8.9	10.0	2.900333333333333	0.3779980471841756	1.5454316498542194e-192	89.0	8.747843132008693e-27
1	8.9	10.0	3.0	0.38008517265285446	4.452565651693272e-198	89.0	8.747843132008693e-27
1	10.0	10.0	0.01	0.001005016708416795	2.268147161147551e-32	100.0	2.7307942836962656e-27
1	10.0	10.0	0.10966666666666666	0.01159060397772771	6.534791845154705e-38	100.0	2.7307942836962656e-27
1	10.0	10.0	0.20933333333333334	0.023285588200654017	1.882748403233895e-43	100.0	2.7307942836962656e-27
1	10.0	10.0	0.309	0.036206237050342205	5.424413866385154e-49	100.0	2.7307942836962656e-27
1	10.0	10.0	0.4086666666666667	0.050481003353120224	1.562835785349306e-54	100.0	2.7307942836962656e-27
1	10.0	10.0	0.5083333333333333	0.06625180212410026	4.502708960140686e-60	100.0	2.7307942836962656e-27
1	10.0	10.0	0.608	0.08367542143941897	1.2972820413885747e-65	100.0	2.7307942836962656e-27
1	10.0	10.0	0.7076666666666667	0.10292508117154198	3.7376181978608826e-71	100.0	2.7307942836962656e-27
1	10.0	10.0	0.8073333333333333	0.12419215508406323	1.076850626717098e-76	100.0	2.7307942836962656e-27
1	10.0	10.0	0.907	0.1476880734064991	3.102530036172968e-82	100.0	2.7307942836962656e-27
1	10.0	10.0	1.0066666666666666	0.1736464248038459	8.938744507861953e-88	100.0	2.7307942836962656e-27
1	10.0	10.0	1.1063333333333334	0.2023252786379906	2.575354708745766e-93	100.0	2.7307942836962656e-27
1	10.0	10.0	1.206	0.23400975060812873	7.419891988215886e-99	100.0	2.7307942836962656e-27
1	10.0	10.0	1.3056666666666668	0.2690148372769424	2.1377558955208784e-104	100.0	2.7307942836962656e-27
1	10.0	10.0	1.4053333333333333	0.3018858875743611	6.159119669251587e-110	100.0	2.7307942836962656e-27
1	10.0	10.0	1.5050000000000001	0.31119308246722027	1.774512945076862e-115	100.0	2.7307942836962656e-27
1	10.0	10.0	1.6046666666666667	0.31961738829721076	5.1125751103130755e-121	100.0	2.7307942836962656e-27
1	10.0	10.0	1.7043333333333333	0.327242556732403	1.4729914668195957e-126	100.0	2.7307942836962656e-27
1	10.0	10.0	1.804	0.33414439468064816	4.243857184506927e-132	100.0	2.7307942836962656e-27
1	10.0	10.0	1.9036666666666666	0.34039151793683586	1.2227038790237535e-137	100.0	2.7307942836962656e-27
1	10.0	10.0	2.0033333333333334	0.3460460333384795	3.522749967264382e-143	100.0	2.7307942836962656e-27
1	10.0	10.0	2.1029999999999998	0.3511641562113963	1.0149446276207344e-148	100.0	2.7307942836962656e-27
1	10.0	10.0	2.2026666666666666	0.35579676924392256	2.9241717598710936e-154	100.0	2.7307942836962656e-27
1	10.0	10.0	2.3023333333333333	0.3599899283458066	8.42487387836381e-160	100.0	2.7307942836962656e-27
1	10.0	10.0	2.4019999999999997	0.36378532052086265	2.4273026926937375e-165	100.0	2.7307942836962656e-27
1	10.0	10.0	2.5016666666666665	0.3672206783054037	6.993337166849286e-171	100.0	2.7307942836962656e-27
1	10.0	10.0	2.6013333333333333	0.3703301548926639	2.014860564215852e-176	100.0	2.7307942836962656e-27
1	10.0	10.0	2.7009999999999996	0.3731446636725727	5.8050441389792956e-182	100.0	2.7307942836962656e-27
1	10.0	10.0	2.8006666666666664	0.37569218556247497	1.6724997279705472e-187	100.0	2.7307942836962656e-27
1	10.0	10.0	2.900333333333333	0.3779980471841756	4.818663343623425e-193	100.0	2.7307942836962656e-27
1	10.0	10.0	3.0	0.38008517265285446	1.3883121193302214e-198	100.0	2.7307942836962656e-27
