a1	G_theta	G_k	epsilon	mia	epsilon	delta	obj1	obj2
1	0.1	10.0	0.01	0.0007537625313125962	3.554502938958055e-55	1.0	1.1142547833872071e-07
1	0.1	10.0	0.10966666666666666	0.008692952983295754	1.0240930225766102e-60	1.0	1.1142547833872071e-07
1	0.1	10.0	0.20933333333333334	0.01746419115049047	2.950529333920149e-66	1.0	1.1142547833872071e-07
1	0.1	10.0	0.309	0.027154677787756654	8.500813069128964e-72	1.0	1.1142547833872071e-07
1	0.1	10.0	0.4086666666666667	0.03786075251484017	2.4491816436294933e-77	1.0	1.1142547833872071e-07
1	0.1	10.0	0.5083333333333333	0.04968885159307518	7.05637293128515e-83	1.0	1.1142547833872071e-07
1	0.1	10.0	0.608	0.0627565660795642	2.033021890184673e-88	1.0	1.1142547833872071e-07
1	0.1	10.0	0.7076666666666667	0.07719381087865645	5.857368999936488e-94	1.0	1.1142547833872071e-07
1	0.1	10.0	0.8073333333333333	0.09314411631304736	1.6875751199265967e-99	1.0	1.1142547833872071e-07
1	0.1	10.0	0.907	0.1107660550548743	4.86209727511814e-105	1.0	1.1142547833872071e-07
1	0.1	10.0	1.0066666666666666	0.13023481860288438	1.400825932639895e-110	1.0	1.1142547833872071e-07
1	0.1	10.0	1.1063333333333334	0.15174395897849285	4.0359400121396197e-116	1.0	1.1142547833872071e-07
1	0.1	10.0	1.206	0.1755073129560965	1.162800559445224e-121	1.0	1.1142547833872071e-07
1	0.1	10.0	1.3056666666666668	0.2017611279577068	3.350161640111301e-127	1.0	1.1142547833872071e-07
1	0.1	10.0	1.4053333333333333	0.2307664107468445	9.652199531300579e-133	1.0	1.1142547833872071e-07
1	0.1	10.0	1.5050000000000001	0.26281152227163634	2.780909275438541e-138	1.0	1.1142547833872071e-07
1	0.1	10.0	1.6046666666666667	0.29821504445418523	8.012118246356342e-144	1.0	1.1142547833872071e-07
1	0.1	10.0	1.7043333333333333	0.33732894742689057	2.308383065947715e-149	1.0	1.1142547833872071e-07
1	0.1	10.0	1.804	0.35502841934818863	6.6507160969291305e-155	1.0	1.1142547833872071e-07
1	0.1	10.0	1.9036666666666666	0.36166598780788806	1.9161475083770442e-160	1.0	1.1142547833872071e-07
1	0.1	10.0	2.0033333333333334	0.36767391042213443	5.520640515018621e-166	1.0	1.1142547833872071e-07
1	0.1	10.0	2.1029999999999998	0.3731119159746086	1.5905597853414153e-171	1.0	1.1142547833872071e-07
1	0.1	10.0	2.2026666666666666	0.3780340673216677	4.582584980606462e-177	1.0	1.1142547833872071e-07
1	0.1	10.0	2.3023333333333333	0.3824892988674195	1.3202952380675357e-182	1.0	1.1142547833872071e-07
1	0.1	10.0	2.4019999999999997	0.3865219030534165	3.803921854239606e-188	1.0	1.1142547833872071e-07
1	0.1	10.0	2.5016666666666665	0.39017197069949144	1.0959534697966317e-193	1.0	1.1142547833872071e-07
1	0.1	10.0	2.6013333333333333	0.39347578957345536	3.157567515801074e-199	1.0	1.1142547833872071e-07
1	0.1	10.0	2.7009999999999996	0.39646620515210845	9.09731379261278e-205	1.0	1.1142547833872071e-07
1	0.1	10.0	2.8006666666666664	0.39917294716012963	2.6210403364965435e-210	1.0	1.1142547833872071e-07
1	0.1	10.0	2.900333333333333	0.40162292513318654	7.551517516214937e-216	1.0	1.1142547833872071e-07
1	0.1	10.0	3.0	0.4038404959436578	2.1756787182422746e-221	1.0	1.1142547833872071e-07
1	1.2000000000000002	10.0	0.01	0.0007537625313125962	1.2527423207142107e-110	12.000000000000002	4.126043776206224e-18
1	1.2000000000000002	10.0	0.10966666666666666	0.008692952983295754	3.6092941594413294e-116	12.000000000000002	4.126043776206224e-18
1	1.2000000000000002	10.0	0.20933333333333334	0.01746419115049047	1.0398790009705353e-121	12.000000000000002	4.126043776206224e-18
1	1.2000000000000002	10.0	0.309	0.027154677787756654	2.9960105463578935e-127	12.000000000000002	4.126043776206224e-18
1	1.2000000000000002	10.0	0.4086666666666667	0.03786075251484017	8.63184965319062e-133	12.000000000000002	4.126043776206224e-18
1	1.2000000000000002	10.0	0.5083333333333333	0.04968885159307518	2.4869347848547485e-138	12.000000000000002	4.126043776206224e-18
1	1.2000000000000002	10.0	0.608	0.0627565660795642	7.165144056736504e-144	12.000000000000002	4.126043776206224e-18
1	1.2000000000000002	10.0	0.7076666666666667	0.07719381087865645	2.0643600976768264e-149	12.000000000000002	4.126043776206224e-18
1	1.2000000000000002	10.0	0.8073333333333333	0.09314411631304736	5.947657966309321e-155	12.000000000000002	4.126043776206224e-18
1	1.2000000000000002	10.0	0.907	0.1107660550548743	1.713588405628086e-160	12.000000000000002	4.126043776206224e-18
1	1.2000000000000002	10.0	1.0066666666666666	0.13023481860288438	4.937044531707121e-166	12.000000000000002	4.126043776206224e-18
1	1.2000000000000002	10.0	1.1063333333333334	0.15174395897849285	1.4224190959744375e-171	12.000000000000002	4.126043776206224e-18
1	1.2000000000000002	10.0	1.206	0.1755073129560965	4.098152389752189e-177	12.000000000000002	4.126043776206224e-18
1	1.2000000000000002	10.0	1.3056666666666668	0.2017611279577068	1.1807246582361997e-182	12.000000000000002	4.126043776206224e-18
1	1.2000000000000002	10.0	1.4053333333333333	0.2307664107468445	3.401803022389051e-188	12.000000000000002	4.126043776206224e-18
1	1.2000000000000002	10.0	1.5050000000000001	0.26281152227163634	9.800984270475269e-194	12.000000000000002	4.126043776206224e-18
1	1.2000000000000002	10.0	1.6046666666666667	0.29821504445418523	2.8237758635020023e-199	12.000000000000002	4.126043776206224e-18
1	1.2000000000000002	10.0	1.7043333333333333	0.33732894742689057	8.135621798024038e-205	12.000000000000002	4.126043776206224e-18
1	1.2000000000000002	10.0	1.804	0.35502841934818863	2.343965854230172e-210	12.000000000000002	4.126043776206224e-18
1	1.2000000000000002	10.0	1.9036666666666666	0.36166598780788806	6.753234186883792e-216	12.000000000000002	4.126043776206224e-18
1	1.2000000000000002	10.0	2.0033333333333334	0.36767391042213443	1.9456841446980815e-221	12.000000000000002	4.126043776206224e-18
1	1.2000000000000002	10.0	2.1029999999999998	0.3731119159746086	5.605738948431714e-227	12.000000000000002	4.126043776206224e-18
1	1.2000000000000002	10.0	2.2026666666666666	0.3780340673216677	1.6150776190264177e-232	12.000000000000002	4.126043776206224e-18
1	1.2000000000000002	10.0	2.3023333333333333	0.3824892988674195	4.6532236685937745e-238	12.000000000000002	4.126043776206224e-18
1	1.2000000000000002	10.0	2.4019999999999997	0.3865219030534165	1.3406470534224892e-243	12.000000000000002	4.126043776206224e-18
1	1.2000000000000002	10.0	2.5016666666666665	0.39017197069949144	3.8625577660945777e-249	12.000000000000002	4.126043776206224e-18
1	1.2000000000000002	10.0	2.6013333333333333	0.39347578957345536	1.1128471478254071e-254	12.000000000000002	4.126043776206224e-18
1	1.2000000000000002	10.0	2.7009999999999996	0.39646620515210845	3.206240137802044e-260	12.000000000000002	4.126043776206224e-18
1	1.2000000000000002	10.0	2.8006666666666664	0.39917294716012963	9.237545193282628e-266	12.000000000000002	4.126043776206224e-18
1	1.2000000000000002	10.0	2.900333333333333	0.40162292513318654	2.661442609736535e-271	12.000000000000002	4.126043776206224e-18
1	1.2000000000000002	10.0	3.0	0.4038404959436578	7.667921094526329e-277	12.000000000000002	4.126043776206224e-18
1	2.3000000000000003	10.0	0.01	0.0007537625313125962	8.746518994639072e-125	23.000000000000004	6.3943388882094226e-21
1	2.3000000000000003	10.0	0.10966666666666666	0.008692952983295754	2.5199723359545753e-130	23.000000000000004	6.3943388882094226e-21
1	2.3000000000000003	10.0	0.20933333333333334	0.01746419115049047	7.260329026746033e-136	23.000000000000004	6.3943388882094226e-21
1	2.3000000000000003	10.0	0.309	0.027154677787756654	2.0917839781222578e-141	23.000000000000004	6.3943388882094226e-21
1	2.3000000000000003	10.0	0.4086666666666667	0.03786075251484017	6.026669307975269e-147	23.000000000000004	6.3943388882094226e-21
1	2.3000000000000003	10.0	0.5083333333333333	0.04968885159307518	1.7363524784377237e-152	23.000000000000004	6.3943388882094226e-21
1	2.3000000000000003	10.0	0.608	0.0627565660795642	5.002630433674358e-158	23.000000000000004	6.3943388882094226e-21
1	2.3000000000000003	10.0	0.7076666666666667	0.07719381087865645	1.4413151457844342e-163	23.000000000000004	6.3943388882094226e-21
1	2.3000000000000003	10.0	0.8073333333333333	0.09314411631304736	4.1525940742771907e-169	23.000000000000004	6.3943388882094226e-21
1	2.3000000000000003	10.0	0.907	0.1107660550548743	1.1964099313156796e-174	23.000000000000004	6.3943388882094226e-21
1	2.3000000000000003	10.0	1.0066666666666666	0.13023481860288438	3.4469940912776094e-180	23.000000000000004	6.3943388882094226e-21
1	2.3000000000000003	10.0	1.1063333333333334	0.15174395897849285	9.931184917728404e-186	23.000000000000004	6.3943388882094226e-21
1	2.3000000000000003	10.0	1.206	0.1755073129560965	2.861288161755034e-191	23.000000000000004	6.3943388882094226e-21
1	2.3000000000000003	10.0	1.3056666666666668	0.2017611279577068	8.243699027277471e-197	23.000000000000004	6.3943388882094226e-21
1	2.3000000000000003	10.0	1.4053333333333333	0.2307664107468445	2.375104142277495e-202	23.000000000000004	6.3943388882094226e-21
1	2.3000000000000003	10.0	1.5050000000000001	0.26281152227163634	6.842947162429832e-208	23.000000000000004	6.3943388882094226e-21
1	2.3000000000000003	10.0	1.6046666666666667	0.29821504445418523	1.9715314808429816e-213	23.000000000000004	6.3943388882094226e-21
1	2.3000000000000003	10.0	1.7043333333333333	0.33732894742689057	5.68020808533428e-219	23.000000000000004	6.3943388882094226e-21
1	2.3000000000000003	10.0	1.804	0.35502841934818863	1.6365330306012283e-224	23.000000000000004	6.3943388882094226e-21
1	2.3000000000000003	10.0	1.9036666666666666	0.36166598780788806	4.715039167603895e-230	23.000000000000004	6.3943388882094226e-21
1	2.3000000000000003	10.0	2.0033333333333334	0.36767391042213443	1.358456806940606e-235	23.000000000000004	6.3943388882094226e-21
1	2.3000000000000003	10.0	2.1029999999999998	0.3731119159746086	3.913869706540509e-241	23.000000000000004	6.3943388882094226e-21
1	2.3000000000000003	10.0	2.2026666666666666	0.3780340673216677	1.1276307057765359e-246	23.000000000000004	6.3943388882094226e-21
1	2.3000000000000003	10.0	2.3023333333333333	0.3824892988674195	3.248833262091444e-252	23.000000000000004	6.3943388882094226e-21
1	2.3000000000000003	10.0	2.4019999999999997	0.3865219030534165	9.360260864486088e-258	23.000000000000004	6.3943388882094226e-21
1	2.3000000000000003	10.0	2.5016666666666665	0.39017197069949144	2.6967984006297658e-263	23.000000000000004	6.3943388882094226e-21
1	2.3000000000000003	10.0	2.6013333333333333	0.39347578957345536	7.769785178994811e-269	23.000000000000004	6.3943388882094226e-21
1	2.3000000000000003	10.0	2.7009999999999996	0.39646620515210845	2.2385641326998287e-274	23.000000000000004	6.3943388882094226e-21
1	2.3000000000000003	10.0	2.8006666666666664	0.39917294716012963	6.449559750709142e-280	23.000000000000004	6.3943388882094226e-21
1	2.3000000000000003	10.0	2.900333333333333	0.40162292513318654	1.8581920602738938e-285	23.000000000000004	6.3943388882094226e-21
1	2.3000000000000003	10.0	3.0	0.4038404959436578	5.3536642287642776e-291	23.000000000000004	6.3943388882094226e-21
1	3.4000000000000004	10.0	0.01	0.0007537625313125962	2.794685232142956e-133	34.0	1.2996815088071267e-22
1	3.4000000000000004	10.0	0.10966666666666666	0.008692952983295754	8.051808356007179e-139	34.0	1.2996815088071267e-22
1	3.4000000000000004	10.0	0.20933333333333334	0.01746419115049047	2.3198182412891752e-144	34.0	1.2996815088071267e-22
1	3.4000000000000004	10.0	0.309	0.027154677787756654	6.683662147277769e-150	34.0	1.2996815088071267e-22
1	3.4000000000000004	10.0	0.4086666666666667	0.03786075251484017	1.9256396429632068e-155	34.0	1.2996815088071267e-22
1	3.4000000000000004	10.0	0.5083333333333333	0.04968885159307518	5.5479884423265566e-161	34.0	1.2996815088071267e-22
1	3.4000000000000004	10.0	0.608	0.0627565660795642	1.5984390365387367e-166	34.0	1.2996815088071267e-22
1	3.4000000000000004	10.0	0.7076666666666667	0.07719381087865645	4.605286006074634e-172	34.0	1.2996815088071267e-22
1	3.4000000000000004	10.0	0.8073333333333333	0.09314411631304736	1.3268356636028438e-177	34.0	1.2996815088071267e-22
1	3.4000000000000004	10.0	0.907	0.1107660550548743	3.822765569578543e-183	34.0	1.2996815088071267e-22
1	3.4000000000000004	10.0	1.0066666666666666	0.13023481860288438	1.1013825600884186e-188	34.0	1.2996815088071267e-22
1	3.4000000000000004	10.0	1.1063333333333334	0.15174395897849285	3.173209346971952e-194	34.0	1.2996815088071267e-22
1	3.4000000000000004	10.0	1.206	0.1755073129560965	9.142379700385286e-200	34.0	1.2996815088071267e-22
1	3.4000000000000004	10.0	1.3056666666666668	0.2017611279577068	2.634024340870284e-205	34.0	1.2996815088071267e-22
1	3.4000000000000004	10.0	1.4053333333333333	0.2307664107468445	7.588925920463724e-211	34.0	1.2996815088071267e-22
1	3.4000000000000004	10.0	1.5050000000000001	0.26281152227163634	2.186456508114672e-216	34.0	1.2996815088071267e-22
1	3.4000000000000004	10.0	1.6046666666666667	0.29821504445418523	6.29943171402691e-222	34.0	1.2996815088071267e-22
1	3.4000000000000004	10.0	1.7043333333333333	0.33732894742689057	1.8149384528076232e-227	34.0	1.2996815088071267e-22
1	3.4000000000000004	10.0	1.804	0.35502841934818863	5.229045629854189e-233	34.0	1.2996815088071267e-22
1	3.4000000000000004	10.0	1.9036666666666666	0.36166598780788806	1.506547957965302e-238	34.0	1.2996815088071267e-22
1	3.4000000000000004	10.0	2.0033333333333334	0.36767391042213443	4.3405372802459086e-244	34.0	1.2996815088071267e-22
1	3.4000000000000004	10.0	2.1029999999999998	0.3731119159746086	1.2505585223223775e-249	34.0	1.2996815088071267e-22
1	3.4000000000000004	10.0	2.2026666666666666	0.3780340673216677	3.603002386064864e-255	34.0	1.2996815088071267e-22
1	3.4000000000000004	10.0	2.3023333333333333	0.3824892988674195	1.0380662689724658e-260	34.0	1.2996815088071267e-22
1	3.4000000000000004	10.0	2.4019999999999997	0.3865219030534165	2.990787857777285e-266	34.0	1.2996815088071267e-22
1	3.4000000000000004	10.0	2.5016666666666665	0.39017197069949144	8.616802488997228e-272	34.0	1.2996815088071267e-22
1	3.4000000000000004	10.0	2.6013333333333333	0.39347578957345536	2.482599524447274e-277	34.0	1.2996815088071267e-22
1	3.4000000000000004	10.0	2.7009999999999996	0.39646620515210845	7.152653674788336e-283	34.0	1.2996815088071267e-22
1	3.4000000000000004	10.0	2.8006666666666664	0.39917294716012963	2.060761475528497e-288	34.0	1.2996815088071267e-22
1	3.4000000000000004	10.0	2.900333333333333	0.40162292513318654	5.93728992358638e-294	34.0	1.2996815088071267e-22
1	3.4000000000000004	10.0	3.0	0.4038404959436578	1.7106012537273335e-299	34.0	1.2996815088071267e-22
1	4.5	10.0	0.01	0.0007537625313125962	2.2701493011991684e-139	45.0	7.93120075097233e-24
1	4.5	10.0	0.10966666666666666	0.008692952983295754	6.540560240039337e-145	45.0	7.93120075097233e-24
1	4.5	10.0	0.20933333333333334	0.01746419115049047	1.8844103438917508e-150	45.0	7.93120075097233e-24
1	4.5	10.0	0.309	0.027154677787756654	5.429202107837891e-156	45.0	7.93120075097233e-24
1	4.5	10.0	0.4086666666666667	0.03786075251484017	1.564215332573356e-161	45.0	7.93120075097233e-24
1	4.5	10.0	0.5083333333333333	0.04968885159307518	4.506683593755233e-167	45.0	7.93120075097233e-24
1	4.5	10.0	0.608	0.0627565660795642	1.298427178872453e-172	45.0	7.93120075097233e-24
1	4.5	10.0	0.7076666666666667	0.07719381087865645	3.7409174701567445e-178	45.0	7.93120075097233e-24
1	4.5	10.0	0.8073333333333333	0.09314411631304736	1.0778011848670524e-183	45.0	7.93120075097233e-24
1	4.5	10.0	0.907	0.1107660550548743	3.1052687031134864e-189	45.0	7.93120075097233e-24
1	4.5	10.0	1.0066666666666666	0.13023481860288438	8.946634921101473e-195	45.0	7.93120075097233e-24
1	4.5	10.0	1.1063333333333334	0.15174395897849285	2.577628027204804e-200	45.0	7.93120075097233e-24
1	4.5	10.0	1.206	0.1755073129560965	7.426441679162767e-206	45.0	7.93120075097233e-24
1	4.5	10.0	1.3056666666666668	0.2017611279577068	2.1396429365260267e-211	45.0	7.93120075097233e-24
1	4.5	10.0	1.4053333333333333	0.2307664107468445	6.164556450596265e-217	45.0	7.93120075097233e-24
1	4.5	10.0	1.5050000000000001	0.26281152227163634	1.7760793440744082e-222	45.0	7.93120075097233e-24
1	4.5	10.0	1.6046666666666667	0.29821504445418523	5.117088085295522e-228	45.0	7.93120075097233e-24
1	4.5	10.0	1.7043333333333333	0.33732894742689057	1.4742917066196337e-233	45.0	7.93120075097233e-24
1	4.5	10.0	1.804	0.35502841934818863	4.247603324346343e-239	45.0	7.93120075097233e-24
1	4.5	10.0	1.9036666666666666	0.36166598780788806	1.2237831848331094e-244	45.0	7.93120075097233e-24
1	4.5	10.0	2.0033333333333334	0.36767391042213443	3.52585957096264e-250	45.0	7.93120075097233e-24
1	4.5	10.0	2.1029999999999998	0.3731119159746086	1.0158405400746718e-255	45.0	7.93120075097233e-24
1	4.5	10.0	2.2026666666666666	0.3780340673216677	2.9267529863004234e-261	45.0	7.93120075097233e-24
1	4.5	10.0	2.3023333333333333	0.3824892988674195	8.432310687451782e-267	45.0	7.93120075097233e-24
1	4.5	10.0	2.4019999999999997	0.3865219030534165	2.4294453225996644e-272	45.0	7.93120075097233e-24
1	4.5	10.0	2.5016666666666665	0.39017197069949144	6.999510329100164e-278	45.0	7.93120075097233e-24
1	4.5	10.0	2.6013333333333333	0.39347578957345536	2.016639122989818e-283	45.0	7.93120075097233e-24
1	4.5	10.0	2.7009999999999996	0.39646620515210845	5.810168370585861e-289	45.0	7.93120075097233e-24
1	4.5	10.0	2.8006666666666664	0.39917294716012963	1.6739760778074917e-294	45.0	7.93120075097233e-24
1	4.5	10.0	2.900333333333333	0.40162292513318654	4.8229168766570493e-300	45.0	7.93120075097233e-24
1	4.5	10.0	3.0	0.4038404959436578	1.3895376109322371e-305	45.0	7.93120075097233e-24
1	5.6	10.0	0.01	0.0007537625313125962	4.029488664775555e-144	56.0	8.939370537910422e-25
1	5.6	10.0	0.10966666666666666	0.008692952983295754	1.1609418523529946e-149	56.0	8.939370537910422e-25
1	5.6	10.0	0.20933333333333334	0.01746419115049047	3.344806492016463e-155	56.0	8.939370537910422e-25
1	5.6	10.0	0.309	0.027154677787756654	9.636770736071068e-161	56.0	8.939370537910422e-25
1	5.6	10.0	0.4086666666666667	0.03786075251484017	2.776464062757024e-166	56.0	8.939370537910422e-25
1	5.6	10.0	0.5083333333333333	0.04968885159307518	7.999311079308376e-172	56.0	8.939370537910422e-25
1	5.6	10.0	0.608	0.0627565660795642	2.3046931743825555e-177	56.0	8.939370537910422e-25
1	5.6	10.0	0.7076666666666667	0.07719381087865645	6.640085096559072e-183	56.0	8.939370537910422e-25
1	5.6	10.0	0.8073333333333333	0.09314411631304736	1.9130845953653087e-188	56.0	8.939370537910422e-25
1	5.6	10.0	0.907	0.1107660550548743	5.511815911697299e-194	56.0	8.939370537910422e-25
1	5.6	10.0	1.0066666666666666	0.13023481860288438	1.588017316016289e-199	56.0	8.939370537910422e-25
1	5.6	10.0	1.1063333333333334	0.15174395897849285	4.575259835176311e-205	56.0	8.939370537910422e-25
1	5.6	10.0	1.206	0.1755073129560965	1.3181847797409558e-210	56.0	8.939370537910422e-25
1	5.6	10.0	1.3056666666666668	0.2017611279577068	3.7978413819938874e-216	56.0	8.939370537910422e-25
1	5.6	10.0	1.4053333333333333	0.2307664107468445	1.0942016160753808e-221	56.0	8.939370537910422e-25
1	5.6	10.0	1.5050000000000001	0.26281152227163634	3.1525202245107935e-227	56.0	8.939370537910422e-25
1	5.6	10.0	1.6046666666666667	0.29821504445418523	9.082771968110534e-233	56.0	8.939370537910422e-25
1	5.6	10.0	1.7043333333333333	0.33732894742689057	2.6168506702438976e-238	56.0	8.939370537910422e-25
1	5.6	10.0	1.804	0.35502841934818863	7.539446607708339e-244	56.0	8.939370537910422e-25
1	5.6	10.0	1.9036666666666666	0.36166598780788806	2.1722009511985962e-249	56.0	8.939370537910422e-25
1	5.6	10.0	2.0033333333333334	0.36767391042213443	6.258359821215432e-255	56.0	8.939370537910422e-25
1	5.6	10.0	2.1029999999999998	0.3731119159746086	1.80310516990595e-260	56.0	8.939370537910422e-25
1	5.6	10.0	2.2026666666666666	0.3780340673216677	5.19495258601065e-266	56.0	8.939370537910422e-25
1	5.6	10.0	2.3023333333333333	0.3824892988674195	1.4967253614115335e-271	56.0	8.939370537910422e-25
1	5.6	10.0	2.4019999999999997	0.3865219030534165	4.312237254146978e-277	56.0	8.939370537910422e-25
1	5.6	10.0	2.5016666666666665	0.39017197069949144	1.242404960554427e-282	56.0	8.939370537910422e-25
1	5.6	10.0	2.6013333333333333	0.39347578957345536	3.579511040413725e-288	56.0	8.939370537910422e-25
1	5.6	10.0	2.7009999999999996	0.39646620515210845	1.0312981431373192e-293	56.0	8.939370537910422e-25
1	5.6	10.0	2.8006666666666664	0.39917294716012963	2.9712881117854404e-299	56.0	8.939370537910422e-25
1	5.6	10.0	2.900333333333333	0.40162292513318654	8.560621486603357e-305	56.0	8.939370537910422e-25
1	5.6	10.0	3.0	0.4038404959436578	2.4664131339615e-310	56.0	8.939370537910422e-25
1	6.7	10.0	0.01	0.0007537625313125962	5.124073812175976e-148	67.0	1.4914082449160624e-25
1	6.7	10.0	0.10966666666666666	0.008692952983295754	1.4763043745731438e-153	67.0	1.4914082449160624e-25
1	6.7	10.0	0.20933333333333334	0.01746419115049047	4.2534020513226595e-159	67.0	1.4914082449160624e-25
1	6.7	10.0	0.309	0.027154677787756654	1.2254538645139986e-164	67.0	1.4914082449160624e-25
1	6.7	10.0	0.4086666666666667	0.03786075251484017	3.5306729905426906e-170	67.0	1.4914082449160624e-25
1	6.7	10.0	0.5083333333333333	0.04968885159307518	1.0172273414055206e-175	67.0	1.4914082449160624e-25
1	6.7	10.0	0.608	0.0627565660795642	2.930748519827928e-181	67.0	1.4914082449160624e-25
1	6.7	10.0	0.7076666666666667	0.07719381087865645	8.443822277334412e-187	67.0	1.4914082449160624e-25
1	6.7	10.0	0.8073333333333333	0.09314411631304736	2.432761943539224e-192	67.0	1.4914082449160624e-25
1	6.7	10.0	0.907	0.1107660550548743	7.009065894031033e-198	67.0	1.4914082449160624e-25
1	6.7	10.0	1.0066666666666666	0.13023481860288438	2.0193921907295626e-203	67.0	1.4914082449160624e-25
1	6.7	10.0	1.1063333333333334	0.15174395897849285	5.818100274177927e-209	67.0	1.4914082449160624e-25
1	6.7	10.0	1.206	0.1755073129560965	1.6762613501124758e-214	67.0	1.4914082449160624e-25
1	6.7	10.0	1.3056666666666668	0.2017611279577068	4.829501008003717e-220	67.0	1.4914082449160624e-25
1	6.7	10.0	1.4053333333333333	0.2307664107468445	1.391434574611166e-225	67.0	1.4914082449160624e-25
1	6.7	10.0	1.5050000000000001	0.26281152227163634	4.0088824336401646e-231	67.0	1.4914082449160624e-25
1	6.7	10.0	1.6046666666666667	0.29821504445418523	1.155004961066153e-236	67.0	1.4914082449160624e-25
1	6.7	10.0	1.7043333333333333	0.33732894742689057	3.3277016279977034e-242	67.0	1.4914082449160624e-25
1	6.7	10.0	1.804	0.35502841934818863	9.587489663036232e-248	67.0	1.4914082449160624e-25
1	6.7	10.0	1.9036666666666666	0.36166598780788806	2.7622656209756203e-253	67.0	1.4914082449160624e-25
1	6.7	10.0	2.0033333333333334	0.36767391042213443	7.958403741743878e-259	67.0	1.4914082449160624e-25
1	6.7	10.0	2.1029999999999998	0.3731119159746086	2.292907301732731e-264	67.0	1.4914082449160624e-25
1	6.7	10.0	2.2026666666666666	0.3780340673216677	6.606128647084499e-270	67.0	1.4914082449160624e-25
1	6.7	10.0	2.3023333333333333	0.3824892988674195	1.9033013532139508e-275	67.0	1.4914082449160624e-25
1	6.7	10.0	2.4019999999999997	0.3865219030534165	5.4836292701408904e-281	67.0	1.4914082449160624e-25
1	6.7	10.0	2.5016666666666665	0.39017197069949144	1.5798964216341992e-286	67.0	1.4914082449160624e-25
1	6.7	10.0	2.6013333333333333	0.39347578957345536	4.551862608006714e-292	67.0	1.4914082449160624e-25
1	6.7	10.0	2.7009999999999996	0.39646620515210845	1.3114437705188572e-297	67.0	1.4914082449160624e-25
1	6.7	10.0	2.8006666666666664	0.39917294716012963	3.778419762070703e-303	67.0	1.4914082449160624e-25
1	6.7	10.0	2.900333333333333	0.40162292513318654	1.088606024851631e-308	67.0	1.4914082449160624e-25
1	6.7	10.0	3.0	0.4038404959436578	3.136398685e-314	67.0	1.4914082449160624e-25
1	7.800000000000001	10.0	0.01	0.0007537625313125962	2.556986390235406e-151	78.0	3.267604450588106e-26
1	7.800000000000001	10.0	0.10966666666666666	0.008692952983295754	7.366970758029512e-157	78.0	3.267604450588106e-26
1	7.800000000000001	10.0	0.20933333333333334	0.01746419115049047	2.1225086827570255e-162	78.0	3.267604450588106e-26
1	7.800000000000001	10.0	0.309	0.027154677787756654	6.115190702323289e-168	78.0	3.267604450588106e-26
1	7.800000000000001	10.0	0.4086666666666667	0.03786075251484017	1.7618565063869845e-173	78.0	3.267604450588106e-26
1	7.800000000000001	10.0	0.5083333333333333	0.04968885159307518	5.0761104603306095e-179	78.0	3.267604450588106e-26
1	7.800000000000001	10.0	0.608	0.0627565660795642	1.4624855833644288e-184	78.0	3.267604450588106e-26
1	7.800000000000001	10.0	0.7076666666666667	0.07719381087865645	4.2135885305569373e-190	78.0	3.267604450588106e-26
1	7.800000000000001	10.0	0.8073333333333333	0.09314411631304736	1.2139831330163517e-195	78.0	3.267604450588106e-26
1	7.800000000000001	10.0	0.907	0.1107660550548743	3.497624498834017e-201	78.0	3.267604450588106e-26
1	7.800000000000001	10.0	1.0066666666666666	0.13023481860288438	1.0077056922898065e-206	78.0	3.267604450588106e-26
1	7.800000000000001	10.0	1.1063333333333334	0.15174395897849285	2.903315557778715e-212	78.0	3.267604450588106e-26
1	7.800000000000001	10.0	1.206	0.1755073129560965	8.364784770528258e-218	78.0	3.267604450588106e-26
1	7.800000000000001	10.0	1.3056666666666668	0.2017611279577068	2.4099903322529036e-223	78.0	3.267604450588106e-26
1	7.800000000000001	10.0	1.4053333333333333	0.2307664107468445	6.943458272848468e-229	78.0	3.267604450588106e-26
1	7.800000000000001	10.0	1.5050000000000001	0.26281152227163634	2.0004898833647483e-234	78.0	3.267604450588106e-26
1	7.800000000000001	10.0	1.6046666666666667	0.29821504445418523	5.763640560920301e-240	78.0	3.267604450588106e-26
1	7.800000000000001	10.0	1.7043333333333333	0.33732894742689057	1.6605708827485618e-245	78.0	3.267604450588106e-26
1	7.800000000000001	10.0	1.804	0.35502841934818863	4.784294973786566e-251	78.0	3.267604450588106e-26
1	7.800000000000001	10.0	1.9036666666666666	0.36166598780788806	1.3784101982032194e-256	78.0	3.267604450588106e-26
1	7.800000000000001	10.0	2.0033333333333334	0.36767391042213443	3.971357712936069e-262	78.0	3.267604450588106e-26
1	7.800000000000001	10.0	2.1029999999999998	0.3731119159746086	1.144193659090281e-267	78.0	3.267604450588106e-26
1	7.800000000000001	10.0	2.2026666666666666	0.3780340673216677	3.2965530282954924e-273	78.0	3.267604450588106e-26
1	7.800000000000001	10.0	2.3023333333333333	0.3824892988674195	9.497746978430614e-279	78.0	3.267604450588106e-26
1	7.800000000000001	10.0	2.4019999999999997	0.3865219030534165	2.736409725310263e-284	78.0	3.267604450588106e-26
1	7.800000000000001	10.0	2.5016666666666665	0.39017197069949144	7.88390994388306e-290	78.0	3.267604450588106e-26
1	7.800000000000001	10.0	2.6013333333333333	0.39347578957345536	2.271444785053036e-295	78.0	3.267604450588106e-26
1	7.800000000000001	10.0	2.7009999999999996	0.39646620515210845	6.544292677453665e-301	78.0	3.267604450588106e-26
1	7.800000000000001	10.0	2.8006666666666664	0.39917294716012963	1.8854857018753733e-306	78.0	3.267604450588106e-26
1	7.800000000000001	10.0	2.900333333333333	0.40162292513318654	5.432300337396e-312	78.0	3.267604450588106e-26
1	7.800000000000001	10.0	3.0	0.4038404959436578	1.565108e-317	78.0	3.267604450588106e-26
1	8.9	10.0	0.01	0.0007537625313125962	3.485791770834518e-154	89.0	8.747843132008693e-27
1	8.9	10.0	0.10966666666666666	0.008692952983295754	1.004296547779186e-159	89.0	8.747843132008693e-27
1	8.9	10.0	0.20933333333333334	0.01746419115049047	2.8934934218394904e-165	89.0	8.747843132008693e-27
1	8.9	10.0	0.309	0.027154677787756654	8.336486071511635e-171	89.0	8.747843132008693e-27
1	8.9	10.0	0.4086666666666667	0.03786075251484017	2.401837152832713e-176	89.0	8.747843132008693e-27
1	8.9	10.0	0.5083333333333333	0.04968885159307518	6.919968028785032e-182	89.0	8.747843132008693e-27
1	8.9	10.0	0.608	0.0627565660795642	1.9937220749096404e-187	89.0	8.747843132008693e-27
1	8.9	10.0	0.7076666666666667	0.07719381087865645	5.7441417293367135e-193	89.0	8.747843132008693e-27
1	8.9	10.0	0.8073333333333333	0.09314411631304736	1.6549530459607643e-198	89.0	8.747843132008693e-27
1	8.9	10.0	0.907	0.1107660550548743	4.768109342334974e-204	89.0	8.747843132008693e-27
1	8.9	10.0	1.0066666666666666	0.13023481860288438	1.3737469323345596e-209	89.0	8.747843132008693e-27
1	8.9	10.0	1.1063333333333334	0.15174395897849285	3.9579223096724146e-215	89.0	8.747843132008693e-27
1	8.9	10.0	1.206	0.1755073129560965	1.1403227654733398e-220	89.0	8.747843132008693e-27
1	8.9	10.0	1.3056666666666668	0.2017611279577068	3.285400540275866e-226	89.0	8.747843132008693e-27
1	8.9	10.0	1.4053333333333333	0.2307664107468445	9.465615382645193e-232	89.0	8.747843132008693e-27
1	8.9	10.0	1.5050000000000001	0.26281152227163634	2.727152244415411e-237	89.0	8.747843132008693e-27
1	8.9	10.0	1.6046666666666667	0.29821504445418523	7.857238080745329e-243	89.0	8.747843132008693e-27
1	8.9	10.0	1.7043333333333333	0.33732894742689057	2.263760315689351e-248	89.0	8.747843132008693e-27
1	8.9	10.0	1.804	0.35502841934818863	6.522152840764926e-254	89.0	8.747843132008693e-27
1	8.9	10.0	1.9036666666666666	0.36166598780788806	1.879106961257263e-259	89.0	8.747843132008693e-27
1	8.9	10.0	2.0033333333333334	0.36767391042213443	5.413922454830697e-265	89.0	8.747843132008693e-27
1	8.9	10.0	2.1029999999999998	0.3731119159746086	1.5598130894748228e-270	89.0	8.747843132008693e-27
1	8.9	10.0	2.2026666666666666	0.3780340673216677	4.494000226999045e-276	89.0	8.747843132008693e-27
1	8.9	10.0	2.3023333333333333	0.3824892988674195	1.2947729555899492e-281	89.0	8.747843132008693e-27
1	8.9	10.0	2.4019999999999997	0.3865219030534165	3.7303892341955114e-287	89.0	8.747843132008693e-27
1	8.9	10.0	2.5016666666666665	0.39017197069949144	1.074767879458927e-292	89.0	8.747843132008693e-27
1	8.9	10.0	2.6013333333333333	0.39347578957345536	3.09652940269047e-298	89.0	8.747843132008693e-27
1	8.9	10.0	2.7009999999999996	0.39646620515210845	8.921455995273843e-304	89.0	8.747843132008693e-27
1	8.9	10.0	2.8006666666666664	0.39917294716012963	2.57037369018558e-309	89.0	8.747843132008693e-27
1	8.9	10.0	2.900333333333333	0.40162292513318654	7.4055411e-315	89.0	8.747843132008693e-27
1	8.9	10.0	3.0	0.4038404959436578	2.1334e-320	89.0	8.747843132008693e-27
1	10.0	10.0	0.01	0.0007537625313125962	1.0263619127778352e-156	100.0	2.7307942836962656e-27
1	10.0	10.0	0.10966666666666666	0.008692952983295754	2.957066266548817e-162	100.0	2.7307942836962656e-27
1	10.0	10.0	0.20933333333333334	0.01746419115049047	8.519646721003885e-168	100.0	2.7307942836962656e-27
1	10.0	10.0	0.309	0.027154677787756654	2.4546078345219253e-173	100.0	2.7307942836962656e-27
1	10.0	10.0	0.4086666666666667	0.03786075251484017	7.07200640895449e-179	100.0	2.7307942836962656e-27
1	10.0	10.0	0.5083333333333333	0.04968885159307518	2.0375260742224193e-184	100.0	2.7307942836962656e-27
1	10.0	10.0	0.608	0.0627565660795642	5.870346070217963e-190	100.0	2.7307942836962656e-27
1	10.0	10.0	0.7076666666666667	0.07719381087865645	1.691313962559955e-195	100.0	2.7307942836962656e-27
1	10.0	10.0	0.8073333333333333	0.09314411631304736	4.872869309124408e-201	100.0	2.7307942836962656e-27
1	10.0	10.0	0.907	0.1107660550548743	1.403929479058121e-206	100.0	2.7307942836962656e-27
1	10.0	10.0	1.0066666666666666	0.13023481860288438	4.044881684960858e-212	100.0	2.7307942836962656e-27
1	10.0	10.0	1.1063333333333334	0.15174395897849285	1.1653767578345388e-217	100.0	2.7307942836962656e-27
1	10.0	10.0	1.206	0.1755073129560965	3.357583962839901e-223	100.0	2.7307942836962656e-27
1	10.0	10.0	1.3056666666666668	0.2017611279577068	9.673584093497337e-229	100.0	2.7307942836962656e-27
1	10.0	10.0	1.4053333333333333	0.2307664107468445	2.787070412821923e-234	100.0	2.7307942836962656e-27
1	10.0	10.0	1.5050000000000001	0.26281152227163634	8.029869189072245e-240	100.0	2.7307942836962656e-27
1	10.0	10.0	1.6046666666666667	0.29821504445418523	2.3134973159265815e-245	100.0	2.7307942836962656e-27
1	10.0	10.0	1.7043333333333333	0.33732894742689057	6.665450837085528e-251	100.0	2.7307942836962656e-27
1	10.0	10.0	1.804	0.35502841934818863	1.9203927558398815e-256	100.0	2.7307942836962656e-27
1	10.0	10.0	1.9036666666666666	0.36166598780788806	5.532871559360019e-262	100.0	2.7307942836962656e-27
1	10.0	10.0	2.0033333333333334	0.36767391042213443	1.5940836893537724e-267	100.0	2.7307942836962656e-27
1	10.0	10.0	2.1029999999999998	0.3731119159746086	4.5927377518193275e-273	100.0	2.7307942836962656e-27
1	10.0	10.0	2.2026666666666666	0.3780340673216677	1.3232203677796034e-278	100.0	2.7307942836962656e-27
1	10.0	10.0	2.3023333333333333	0.3824892988674195	3.8123494880882225e-284	100.0	2.7307942836962656e-27
1	10.0	10.0	2.4019999999999997	0.3865219030534165	1.0983815676683778e-289	100.0	2.7307942836962656e-27
1	10.0	10.0	2.5016666666666665	0.39017197069949144	3.164563143969881e-295	100.0	2.7307942836962656e-27
1	10.0	10.0	2.6013333333333333	0.39347578957345536	9.117468998893554e-301	100.0	2.7307942836962656e-27
1	10.0	10.0	2.7009999999999996	0.39646620515210845	2.626847282355135e-306	100.0	2.7307942836962656e-27
1	10.0	10.0	2.8006666666666664	0.39917294716012963	7.568247992567e-312	100.0	2.7307942836962656e-27
1	10.0	10.0	2.900333333333333	0.40162292513318654	2.180499e-317	100.0	2.7307942836962656e-27
1	10.0	10.0	3.0	0.4038404959436578	6.4e-323	100.0	2.7307942836962656e-27
