a1	G_theta	G_k	epsilon	mia	epsilon	delta	obj1	obj2
1	0.1	10.0	0.01	0.0010050201496010214	6.882368323012155e-09	1.0	1.1142547833872071e-07
1	0.1	10.0	0.10966666666666666	0.011590603977737646	1.9828891688763434e-14	1.0	1.1142547833872071e-07
1	0.1	10.0	0.20933333333333334	0.023285588200654017	5.712930885870206e-20	1.0	1.1142547833872071e-07
1	0.1	10.0	0.309	0.036206237050342205	1.6459608443584895e-25	1.0	1.1142547833872071e-07
1	0.1	10.0	0.4086666666666667	0.050481003353120224	4.742201779233746e-31	1.0	1.1142547833872071e-07
1	0.1	10.0	0.5083333333333333	0.06625180212410026	1.3662826665680732e-36	1.0	1.1142547833872071e-07
1	0.1	10.0	0.608	0.08367542143941897	3.9364169047779206e-42	1.0	1.1142547833872071e-07
1	0.1	10.0	0.7076666666666667	0.10292508117154198	1.1341268119241962e-47	1.0	1.1142547833872071e-07
1	0.1	10.0	0.8073333333333333	0.12419215508406323	3.267549288196918e-53	1.0	1.1142547833872071e-07
1	0.1	10.0	0.907	0.1476880734064991	9.414183880091238e-59	1.0	1.1142547833872071e-07
1	0.1	10.0	1.0066666666666666	0.1736464248038459	2.7123342392512266e-64	1.0	1.1142547833872071e-07
1	0.1	10.0	1.1063333333333334	0.2023252786379906	7.81454571008742e-70	1.0	1.1142547833872071e-07
1	0.1	10.0	1.206	0.23400975060812873	2.2514601545532247e-75	1.0	1.1142547833872071e-07
1	0.1	10.0	1.3056666666666668	0.2690148372769424	6.486714667235754e-81	1.0	1.1142547833872071e-07
1	0.1	10.0	1.4053333333333333	0.3018858875743611	1.8688968174292925e-86	1.0	1.1142547833872071e-07
1	0.1	10.0	1.5050000000000001	0.31119308246722027	5.38450586063091e-92	1.0	1.1142547833872071e-07
1	0.1	10.0	1.6046666666666667	0.31961738829721076	1.5513378316438556e-97	1.0	1.1142547833872071e-07
1	0.1	10.0	1.7043333333333333	0.327242556732403	4.469582038132662e-103	1.0	1.1142547833872071e-07
1	0.1	10.0	1.804	0.33414439468064816	1.2877377956049996e-108	1.0	1.1142547833872071e-07
1	0.1	10.0	1.9036666666666666	0.34039151793683586	3.710120132222539e-114	1.0	1.1142547833872071e-07
1	0.1	10.0	2.0033333333333334	0.3460460333384795	1.0689281189464488e-119	1.0	1.1142547833872071e-07
1	0.1	10.0	2.1029999999999998	0.3511641562113963	3.079704383561247e-125	1.0	1.1142547833872071e-07
1	0.1	10.0	2.2026666666666666	0.35579676924392256	8.872981187429103e-131	1.0	1.1142547833872071e-07
1	0.1	10.0	2.3023333333333333	0.3599899283458066	2.556407542643129e-136	1.0	1.1142547833872071e-07
1	0.1	10.0	2.4019999999999997	0.36378532052086265	7.36530303179488e-142	1.0	1.1142547833872071e-07
1	0.1	10.0	2.5016666666666665	0.3672206783054037	2.1220281917207863e-147	1.0	1.1142547833872071e-07
1	0.1	10.0	2.6013333333333333	0.3703301548926639	6.113806352595428e-153	1.0	1.1142547833872071e-07
1	0.1	10.0	2.7009999999999996	0.3731446636725727	1.7614576593691438e-158	1.0	1.1142547833872071e-07
1	0.1	10.0	2.8006666666666664	0.37569218556247497	5.074961336374151e-164	1.0	1.1142547833872071e-07
1	0.1	10.0	2.900333333333333	0.3779980471841756	1.462154507586438e-169	1.0	1.1142547833872071e-07
1	0.1	10.0	3.0	0.38008517265285446	4.212634663307164e-175	1.0	1.1142547833872071e-07
1	1.2000000000000002	10.0	0.01	0.001005016708416795	3.8071900444976e-20	12.000000000000002	4.126043776206224e-18
1	1.2000000000000002	10.0	0.10966666666666666	0.01159060397772771	1.0968950728553992e-25	12.000000000000002	4.126043776206224e-18
1	1.2000000000000002	10.0	0.20933333333333334	0.023285588200654017	3.160280382097983e-31	12.000000000000002	4.126043776206224e-18
1	1.2000000000000002	10.0	0.309	0.036206237050342205	9.105129871241554e-37	12.000000000000002	4.126043776206224e-18
1	1.2000000000000002	10.0	0.4086666666666667	0.050481003353120224	2.6232922383026082e-42	12.000000000000002	4.126043776206224e-18
1	1.2000000000000002	10.0	0.5083333333333333	0.06625180212410026	7.558005503330887e-48	12.000000000000002	4.126043776206224e-18
1	1.2000000000000002	10.0	0.608	0.08367542143941897	2.1775479816667885e-53	12.000000000000002	4.126043776206224e-18
1	1.2000000000000002	10.0	0.7076666666666667	0.10292508117154198	6.273765228632497e-59	12.000000000000002	4.126043776206224e-18
1	1.2000000000000002	10.0	0.8073333333333333	0.12419215508406323	1.807543644290738e-64	12.000000000000002	4.126043776206224e-18
1	1.2000000000000002	10.0	0.907	0.1476880734064991	5.207740339253981e-70	12.000000000000002	4.126043776206224e-18
1	1.2000000000000002	10.0	1.0066666666666666	0.1736464248038459	1.5004096596369726e-75	12.000000000000002	4.126043776206224e-18
1	1.2000000000000002	10.0	1.1063333333333334	0.2023252786379906	4.322852139464444e-81	12.000000000000002	4.126043776206224e-18
1	1.2000000000000002	10.0	1.206	0.23400975060812873	1.2454632306349425e-86	12.000000000000002	4.126043776206224e-18
1	1.2000000000000002	10.0	1.3056666666666668	0.2690148372769424	3.588322266918235e-92	12.000000000000002	4.126043776206224e-18
1	1.2000000000000002	10.0	1.4053333333333333	0.3018858875743611	1.0338367584482566e-97	12.000000000000002	4.126043776206224e-18
1	1.2000000000000002	10.0	1.5050000000000001	0.31119308246722027	2.9786021533588e-103	12.000000000000002	4.126043776206224e-18
1	1.2000000000000002	10.0	1.6046666666666667	0.31961738829721076	8.581694078386973e-109	12.000000000000002	4.126043776206224e-18
1	1.2000000000000002	10.0	1.7043333333333333	0.327242556732403	2.4724843890941274e-114	12.000000000000002	4.126043776206224e-18
1	1.2000000000000002	10.0	1.804	0.33414439468064816	7.123510810890152e-120	12.000000000000002	4.126043776206224e-18
1	1.2000000000000002	10.0	1.9036666666666666	0.34039151793683586	2.0523650825339918e-125	12.000000000000002	4.126043776206224e-18
1	1.2000000000000002	10.0	2.0033333333333334	0.3460460333384795	5.913098953349049e-131	12.000000000000002	4.126043776206224e-18
1	1.2000000000000002	10.0	2.1029999999999998	0.3511641562113963	1.7036315580330244e-136	12.000000000000002	4.126043776206224e-18
1	1.2000000000000002	10.0	2.2026666666666666	0.35579676924392256	4.908357712975583e-142	12.000000000000002	4.126043776206224e-18
1	1.2000000000000002	10.0	2.3023333333333333	0.3599899283458066	1.414154094817483e-147	12.000000000000002	4.126043776206224e-18
1	1.2000000000000002	10.0	2.4019999999999997	0.36378532052086265	4.074339974453113e-153	12.000000000000002	4.126043776206224e-18
1	1.2000000000000002	10.0	2.5016666666666665	0.3672206783054037	1.173864028556814e-158	12.000000000000002	4.126043776206224e-18
1	1.2000000000000002	10.0	2.6013333333333333	0.3703301548926639	3.3820367622232895e-164	12.000000000000002	4.126043776206224e-18
1	1.2000000000000002	10.0	2.7009999999999996	0.3731446636725727	9.744035410210923e-170	12.000000000000002	4.126043776206224e-18
1	1.2000000000000002	10.0	2.8006666666666664	0.37569218556247497	2.807368244365949e-175	12.000000000000002	4.126043776206224e-18
1	1.2000000000000002	10.0	2.900333333333333	0.3779980471841756	8.088349567382934e-181	12.000000000000002	4.126043776206224e-18
1	1.2000000000000002	10.0	3.0	0.38008517265285446	2.330346182958954e-186	12.000000000000002	4.126043776206224e-18
1	2.3000000000000003	10.0	0.01	0.001005016708416795	5.636138766545006e-23	23.000000000000004	6.3943388882094226e-21
1	2.3000000000000003	10.0	0.10966666666666666	0.01159060397772771	1.6238361549320393e-28	23.000000000000004	6.3943388882094226e-21
1	2.3000000000000003	10.0	0.20933333333333334	0.023285588200654017	4.67845801405077e-34	23.000000000000004	6.3943388882094226e-21
1	2.3000000000000003	10.0	0.309	0.036206237050342205	1.3479173574720613e-39	23.000000000000004	6.3943388882094226e-21
1	2.3000000000000003	10.0	0.4086666666666667	0.050481003353120224	3.883504345059565e-45	23.000000000000004	6.3943388882094226e-21
1	2.3000000000000003	10.0	0.5083333333333333	0.06625180212410026	1.118882097221521e-50	23.000000000000004	6.3943388882094226e-21
1	2.3000000000000003	10.0	0.608	0.08367542143941897	3.223627518469089e-56	23.000000000000004	6.3943388882094226e-21
1	2.3000000000000003	10.0	0.7076666666666667	0.10292508117154198	9.287640229150634e-62	23.000000000000004	6.3943388882094226e-21
1	2.3000000000000003	10.0	0.8073333333333333	0.12419215508406323	2.675875563536105e-67	23.000000000000004	6.3943388882094226e-21
1	2.3000000000000003	10.0	0.907	0.1476880734064991	7.709504088084695e-73	23.000000000000004	6.3943388882094226e-21
1	2.3000000000000003	10.0	1.0066666666666666	0.1736464248038459	2.2211964597355597e-78	23.000000000000004	6.3943388882094226e-21
1	2.3000000000000003	10.0	1.1063333333333334	0.2023252786379906	6.3995214949908515e-84	23.000000000000004	6.3943388882094226e-21
1	2.3000000000000003	10.0	1.206	0.23400975060812873	1.8437754654861983e-89	23.000000000000004	6.3943388882094226e-21
1	2.3000000000000003	10.0	1.3056666666666668	0.2690148372769424	5.312128367393683e-95	23.000000000000004	6.3943388882094226e-21
1	2.3000000000000003	10.0	1.4053333333333333	0.3018858875743611	1.530485046574122e-100	23.000000000000004	6.3943388882094226e-21
1	2.3000000000000003	10.0	1.5050000000000001	0.31119308246722027	4.409502775130129e-106	23.000000000000004	6.3943388882094226e-21
1	2.3000000000000003	10.0	1.6046666666666667	0.31961738829721076	1.2704282715734292e-111	23.000000000000004	6.3943388882094226e-21
1	2.3000000000000003	10.0	1.7043333333333333	0.327242556732403	3.6602494102417904e-117	23.000000000000004	6.3943388882094226e-21
1	2.3000000000000003	10.0	1.804	0.33414439468064816	1.0545597925479587e-122	23.000000000000004	6.3943388882094226e-21
1	2.3000000000000003	10.0	1.9036666666666666	0.34039151793683586	3.0383075889503216e-128	23.000000000000004	6.3943388882094226e-21
1	2.3000000000000003	10.0	2.0033333333333334	0.3460460333384795	8.753712279100356e-134	23.000000000000004	6.3943388882094226e-21
1	2.3000000000000003	10.0	2.1029999999999998	0.3511641562113963	2.5220448036253655e-139	23.000000000000004	6.3943388882094226e-21
1	2.3000000000000003	10.0	2.2026666666666666	0.35579676924392256	7.26630004355941e-145	23.000000000000004	6.3943388882094226e-21
1	2.3000000000000003	10.0	2.3023333333333333	0.3599899283458066	2.0935042964793612e-150	23.000000000000004	6.3943388882094226e-21
1	2.3000000000000003	10.0	2.4019999999999997	0.36378532052086265	6.031625742268263e-156	23.000000000000004	6.3943388882094226e-21
1	2.3000000000000003	10.0	2.5016666666666665	0.3672206783054037	1.737780483946084e-161	23.000000000000004	6.3943388882094226e-21
1	2.3000000000000003	10.0	2.6013333333333333	0.3703301548926639	5.0067446811582585e-167	23.000000000000004	6.3943388882094226e-21
1	2.3000000000000003	10.0	2.7009999999999996	0.3731446636725727	1.442500507623705e-172	23.000000000000004	6.3943388882094226e-21
1	2.3000000000000003	10.0	2.8006666666666664	0.37569218556247497	4.156009237549447e-178	23.000000000000004	6.3943388882094226e-21
1	2.3000000000000003	10.0	2.900333333333333	0.3779980471841756	1.1973938789837895e-183	23.000000000000004	6.3943388882094226e-21
1	2.3000000000000003	10.0	3.0	0.38008517265285446	3.4498289572456407e-189	23.000000000000004	6.3943388882094226e-21
1	3.4000000000000004	10.0	0.01	0.001005016708416795	1.1283313580268017e-24	34.0	1.2996815088071267e-22
1	3.4000000000000004	10.0	0.10966666666666666	0.01159060397772771	3.250851921502048e-30	34.0	1.2996815088071267e-22
1	3.4000000000000004	10.0	0.20933333333333334	0.023285588200654017	9.366076853535832e-36	34.0	1.2996815088071267e-22
1	3.4000000000000004	10.0	0.309	0.036206237050342205	2.6984740537122743e-41	34.0	1.2996815088071267e-22
1	3.4000000000000004	10.0	0.4086666666666667	0.050481003353120224	7.774612927513383e-47	34.0	1.2996815088071267e-22
1	3.4000000000000004	10.0	0.5083333333333333	0.06625180212410026	2.239955062362219e-52	34.0	1.2996815088071267e-22
1	3.4000000000000004	10.0	0.608	0.08367542143941897	6.453567178432823e-58	34.0	1.2996815088071267e-22
1	3.4000000000000004	10.0	0.7076666666666667	0.10292508117154198	1.8593466461164063e-63	34.0	1.2996815088071267e-22
1	3.4000000000000004	10.0	0.8073333333333333	0.12419215508406323	5.356990722863701e-69	34.0	1.2996815088071267e-22
1	3.4000000000000004	10.0	0.907	0.1476880734064991	1.5434104051973505e-74	34.0	1.2996815088071267e-22
1	3.4000000000000004	10.0	1.0066666666666666	0.1736464248038459	4.446742214252026e-80	34.0	1.2996815088071267e-22
1	3.4000000000000004	10.0	1.1063333333333334	0.2023252786379906	1.2811573806567723e-85	34.0	1.2996815088071267e-22
1	3.4000000000000004	10.0	1.206	0.23400975060812873	3.6911612028030673e-91	34.0	1.2996815088071267e-22
1	3.4000000000000004	10.0	1.3056666666666668	0.2690148372769424	1.06346583415799e-96	34.0	1.2996815088071267e-22
1	3.4000000000000004	10.0	1.4053333333333333	0.3018858875743611	3.0639669152420953e-102	34.0	1.2996815088071267e-22
1	3.4000000000000004	10.0	1.5050000000000001	0.31119308246722027	8.82763973807476e-108	34.0	1.2996815088071267e-22
1	3.4000000000000004	10.0	1.6046666666666667	0.31961738829721076	2.543344151582632e-113	34.0	1.2996815088071267e-22
1	3.4000000000000004	10.0	1.7043333333333333	0.327242556732403	7.327665905406215e-119	34.0	1.2996815088071267e-22
1	3.4000000000000004	10.0	1.804	0.33414439468064816	2.111184504379297e-124	34.0	1.2996815088071267e-22
1	3.4000000000000004	10.0	1.9036666666666666	0.34039151793683586	6.082564446944686e-130	34.0	1.2996815088071267e-22
1	3.4000000000000004	10.0	2.0033333333333334	0.3460460333384795	1.7524565083956534e-135	34.0	1.2996815088071267e-22
1	3.4000000000000004	10.0	2.1029999999999998	0.3511641562113963	5.049027989109258e-141	34.0	1.2996815088071267e-22
1	3.4000000000000004	10.0	2.2026666666666666	0.35579676924392256	1.4546828131070358e-146	34.0	1.2996815088071267e-22
1	3.4000000000000004	10.0	2.3023333333333333	0.3599899283458066	4.191107855439555e-152	34.0	1.2996815088071267e-22
1	3.4000000000000004	10.0	2.4019999999999997	0.36378532052086265	1.2075061929418481e-157	34.0	1.2996815088071267e-22
1	3.4000000000000004	10.0	2.5016666666666665	0.3672206783054037	3.4789636923813146e-163	34.0	1.2996815088071267e-22
1	3.4000000000000004	10.0	2.6013333333333333	0.3703301548926639	1.00232930014383e-168	34.0	1.2996815088071267e-22
1	3.4000000000000004	10.0	2.7009999999999996	0.3731446636725727	2.887825556003992e-174	34.0	1.2996815088071267e-22
1	3.4000000000000004	10.0	2.8006666666666664	0.37569218556247497	8.320156300641518e-180	34.0	1.2996815088071267e-22
1	3.4000000000000004	10.0	2.900333333333333	0.3779980471841756	2.3971323587458777e-185	34.0	1.2996815088071267e-22
1	3.4000000000000004	10.0	3.0	0.38008517265285446	6.906412977967153e-191	34.0	1.2996815088071267e-22
1	4.5	10.0	0.01	0.001005016708416795	6.833762273710185e-26	45.0	7.93120075097233e-24
1	4.5	10.0	0.10966666666666666	0.01159060397772771	1.968885209166655e-31	45.0	7.93120075097233e-24
1	4.5	10.0	0.20933333333333334	0.023285588200654017	5.672583873437204e-37	45.0	7.93120075097233e-24
1	4.5	10.0	0.309	0.036206237050342205	1.6343364077989846e-42	45.0	7.93120075097233e-24
1	4.5	10.0	0.4086666666666667	0.050481003353120224	4.708710445631206e-48	45.0	7.93120075097233e-24
1	4.5	10.0	0.5083333333333333	0.06625180212410026	1.356633429628857e-53	45.0	7.93120075097233e-24
1	4.5	10.0	0.608	0.08367542143941897	3.9086163475908256e-59	45.0	7.93120075097233e-24
1	4.5	10.0	0.7076666666666667	0.10292508117154198	1.1261171528725572e-64	45.0	7.93120075097233e-24
1	4.5	10.0	0.8073333333333333	0.12419215508406323	3.2444725427592305e-70	45.0	7.93120075097233e-24
1	4.5	10.0	0.907	0.1476880734064991	9.347697132457715e-76	45.0	7.93120075097233e-24
1	4.5	10.0	1.0066666666666666	0.1736464248038459	2.693178645483301e-81	45.0	7.93120075097233e-24
1	4.5	10.0	1.1063333333333334	0.2023252786379906	7.759356249682037e-87	45.0	7.93120075097233e-24
1	4.5	10.0	1.206	0.23400975060812873	2.235559438674998e-92	45.0	7.93120075097233e-24
1	4.5	10.0	1.3056666666666668	0.2690148372769424	6.440902882959558e-98	45.0	7.93120075097233e-24
1	4.5	10.0	1.4053333333333333	0.3018858875743611	1.8556979174888754e-103	45.0	7.93120075097233e-24
1	4.5	10.0	1.5050000000000001	0.31119308246722027	5.34647831763321e-109	45.0	7.93120075097233e-24
1	4.5	10.0	1.6046666666666667	0.31961738829721076	1.5403816608041767e-114	45.0	7.93120075097233e-24
1	4.5	10.0	1.7043333333333333	0.327242556732403	4.438016054635539e-120	45.0	7.93120075097233e-24
1	4.5	10.0	1.804	0.33414439468064816	1.2786432740909315e-125	45.0	7.93120075097233e-24
1	4.5	10.0	1.9036666666666666	0.34039151793683586	3.683917773732197e-131	45.0	7.93120075097233e-24
1	4.5	10.0	2.0033333333333334	0.3460460333384795	1.0613789192507874e-136	45.0	7.93120075097233e-24
1	4.5	10.0	2.1029999999999998	0.3511641562113963	3.057954274285403e-142	45.0	7.93120075097233e-24
1	4.5	10.0	2.2026666666666666	0.35579676924392256	8.810316630577732e-148	45.0	7.93120075097233e-24
1	4.5	10.0	2.3023333333333333	0.3599899283458066	2.538353165832526e-153	45.0	7.93120075097233e-24
1	4.5	10.0	2.4019999999999997	0.36378532052086265	7.313286303615924e-159	45.0	7.93120075097233e-24
1	4.5	10.0	2.5016666666666665	0.3672206783054037	2.1070415763486387e-164	45.0	7.93120075097233e-24
1	4.5	10.0	2.6013333333333333	0.3703301548926639	6.070628196610686e-170	45.0	7.93120075097233e-24
1	4.5	10.0	2.7009999999999996	0.3731446636725727	1.7490175379144512e-175	45.0	7.93120075097233e-24
1	4.5	10.0	2.8006666666666664	0.37569218556247497	5.039119921131179e-181	45.0	7.93120075097233e-24
1	4.5	10.0	2.900333333333333	0.3779980471841756	1.451828185200457e-186	45.0	7.93120075097233e-24
1	4.5	10.0	3.0	0.38008517265285446	4.182883345370542e-192	45.0	7.93120075097233e-24
1	5.6	10.0	0.01	0.001005016708416795	7.667717745017154e-27	56.0	8.939370537910422e-25
1	5.6	10.0	0.10966666666666666	0.01159060397772771	2.2091573355290983e-32	56.0	8.939370537910422e-25
1	5.6	10.0	0.20933333333333334	0.023285588200654017	6.364835398764547e-38	56.0	8.939370537910422e-25
1	5.6	10.0	0.309	0.036206237050342205	1.833782003745955e-43	56.0	8.939370537910422e-25
1	5.6	10.0	0.4086666666666667	0.050481003353120224	5.283336059115227e-49	56.0	8.939370537910422e-25
1	5.6	10.0	0.5083333333333333	0.06625180212410026	1.522189652670071e-54	56.0	8.939370537910422e-25
1	5.6	10.0	0.608	0.08367542143941897	4.3856027948444713e-60	56.0	8.939370537910422e-25
1	5.6	10.0	0.7076666666666667	0.10292508117154198	1.2635424134180576e-65	56.0	8.939370537910422e-25
1	5.6	10.0	0.8073333333333333	0.12419215508406323	3.640410463946254e-71	56.0	8.939370537910422e-25
1	5.6	10.0	0.907	0.1476880734064991	1.048843964814706e-76	56.0	8.939370537910422e-25
1	5.6	10.0	1.0066666666666666	0.1736464248038459	3.021839634357348e-82	56.0	8.939370537910422e-25
1	5.6	10.0	1.1063333333333334	0.2023252786379906	8.706266215095368e-88	56.0	8.939370537910422e-25
1	5.6	10.0	1.206	0.23400975060812873	2.508375048970309e-93	56.0	8.939370537910422e-25
1	5.6	10.0	1.3056666666666668	0.2690148372769424	7.226915914180463e-99	56.0	8.939370537910422e-25
1	5.6	10.0	1.4053333333333333	0.3018858875743611	2.0821572775600135e-104	56.0	8.939370537910422e-25
1	5.6	10.0	1.5050000000000001	0.31119308246722027	5.998933680671946e-110	56.0	8.939370537910422e-25
1	5.6	10.0	1.6046666666666667	0.31961738829721076	1.728361526429651e-115	56.0	8.939370537910422e-25
1	5.6	10.0	1.7043333333333333	0.327242556732403	4.979607585372506e-121	56.0	8.939370537910422e-25
1	5.6	10.0	1.804	0.33414439468064816	1.434681999403363e-126	56.0	8.939370537910422e-25
1	5.6	10.0	1.9036666666666666	0.34039151793683586	4.1334832195581e-132	56.0	8.939370537910422e-25
1	5.6	10.0	2.0033333333333334	0.3460460333384795	1.19090387510771e-137	56.0	8.939370537910422e-25
1	5.6	10.0	2.1029999999999998	0.3511641562113963	3.4311305124840028e-143	56.0	8.939370537910422e-25
1	5.6	10.0	2.2026666666666666	0.35579676924392256	9.885480129647995e-149	56.0	8.939370537910422e-25
1	5.6	10.0	2.3023333333333333	0.3599899283458066	2.8481200886444267e-154	56.0	8.939370537910422e-25
1	5.6	10.0	2.4019999999999997	0.36378532052086265	8.205760299908918e-160	56.0	8.939370537910422e-25
1	5.6	10.0	2.5016666666666665	0.3672206783054037	2.3641735602379593e-165	56.0	8.939370537910422e-25
1	5.6	10.0	2.6013333333333333	0.3703301548926639	6.811454903198023e-171	56.0	8.939370537910422e-25
1	5.6	10.0	2.7009999999999996	0.3731446636725727	1.9624582001345608e-176	56.0	8.939370537910422e-25
1	5.6	10.0	2.8006666666666664	0.37569218556247497	5.6540669240384725e-182	56.0	8.939370537910422e-25
1	5.6	10.0	2.900333333333333	0.3779980471841756	1.6290014625184817e-187	56.0	8.939370537910422e-25
1	5.6	10.0	3.0	0.38008517265285446	4.693339857024473e-193	56.0	8.939370537910422e-25
1	6.7	10.0	0.01	0.001005016708416795	1.2754117665580881e-27	67.0	1.4914082449160624e-25
1	6.7	10.0	0.10966666666666666	0.01159060397772771	3.674607430278647e-33	67.0	1.4914082449160624e-25
1	6.7	10.0	0.20933333333333334	0.023285588200654017	1.0586965026281938e-38	67.0	1.4914082449160624e-25
1	6.7	10.0	0.309	0.036206237050342205	3.0502259246565986e-44	67.0	1.4914082449160624e-25
1	6.7	10.0	0.4086666666666667	0.050481003353120224	8.788050369818453e-50	67.0	1.4914082449160624e-25
1	6.7	10.0	0.5083333333333333	0.06625180212410026	2.5319380009912203e-55	67.0	1.4914082449160624e-25
1	6.7	10.0	0.608	0.08367542143941897	7.29480347868778e-61	67.0	1.4914082449160624e-25
1	6.7	10.0	0.7076666666666667	0.10292508117154198	2.101716462719118e-66	67.0	1.4914082449160624e-25
1	6.7	10.0	0.8073333333333333	0.12419215508406323	6.055285934117137e-72	67.0	1.4914082449160624e-25
1	6.7	10.0	0.907	0.1476880734064991	1.74459725630536e-77	67.0	1.4914082449160624e-25
1	6.7	10.0	1.0066666666666666	0.1736464248038459	5.026384583359957e-83	67.0	1.4914082449160624e-25
1	6.7	10.0	1.1063333333333334	0.2023252786379906	1.448158988472915e-88	67.0	1.4914082449160624e-25
1	6.7	10.0	1.206	0.23400975060812873	4.172311969198896e-94	67.0	1.4914082449160624e-25
1	6.7	10.0	1.3056666666666668	0.2690148372769424	1.2020908827612104e-99	67.0	1.4914082449160624e-25
1	6.7	10.0	1.4053333333333333	0.3018858875743611	3.4633615632896175e-105	67.0	1.4914082449160624e-25
1	6.7	10.0	1.5050000000000001	0.31119308246722027	9.978341479904799e-111	67.0	1.4914082449160624e-25
1	6.7	10.0	1.6046666666666667	0.31961738829721076	2.874874507616211e-116	67.0	1.4914082449160624e-25
1	6.7	10.0	1.7043333333333333	0.327242556732403	8.282842846365128e-122	67.0	1.4914082449160624e-25
1	6.7	10.0	1.804	0.33414439468064816	2.3863819250484217e-127	67.0	1.4914082449160624e-25
1	6.7	10.0	1.9036666666666666	0.34039151793683586	6.8754397467494455e-133	67.0	1.4914082449160624e-25
1	6.7	10.0	2.0033333333333334	0.3460460333384795	1.9808929666705756e-138	67.0	1.4914082449160624e-25
1	6.7	10.0	2.1029999999999998	0.3511641562113963	5.70717959859997e-144	67.0	1.4914082449160624e-25
1	6.7	10.0	2.2026666666666666	0.35579676924392256	1.64430383260029e-149	67.0	1.4914082449160624e-25
1	6.7	10.0	2.3023333333333333	0.3599899283458066	4.737427738505472e-155	67.0	1.4914082449160624e-25
1	6.7	10.0	2.4019999999999997	0.36378532052086265	1.3649072107355489e-160	67.0	1.4914082449160624e-25
1	6.7	10.0	2.5016666666666665	0.3672206783054037	3.9324540589309474e-166	67.0	1.4914082449160624e-25
1	6.7	10.0	2.6013333333333333	0.3703301548926639	1.1329850706311987e-171	67.0	1.4914082449160624e-25
1	6.7	10.0	2.7009999999999996	0.3731446636725727	3.264259800716456e-177	67.0	1.4914082449160624e-25
1	6.7	10.0	2.8006666666666664	0.37569218556247497	9.404706489765654e-183	67.0	1.4914082449160624e-25
1	6.7	10.0	2.900333333333333	0.3779980471841756	2.7096036945106846e-188	67.0	1.4914082449160624e-25
1	6.7	10.0	3.0	0.38008517265285446	7.806678697836638e-194	67.0	1.4914082449160624e-25
1	7.800000000000001	10.0	0.01	0.001005016708416795	2.788382290034692e-28	78.0	3.267604450588106e-26
1	7.800000000000001	10.0	0.10966666666666666	0.01159060397772771	8.03364885763127e-34	78.0	3.267604450588106e-26
1	7.800000000000001	10.0	0.20933333333333334	0.023285588200654017	2.3145862817439143e-39	78.0	3.267604450588106e-26
1	7.800000000000001	10.0	0.309	0.036206237050342205	6.668588272374062e-45	78.0	3.267604450588106e-26
1	7.800000000000001	10.0	0.4086666666666667	0.050481003353120224	1.9212966868938286e-50	78.0	3.267604450588106e-26
1	7.800000000000001	10.0	0.5083333333333333	0.06625180212410026	5.535475888294867e-56	78.0	3.267604450588106e-26
1	7.800000000000001	10.0	0.608	0.08367542143941897	1.5948340263591076e-61	78.0	3.267604450588106e-26
1	7.800000000000001	10.0	0.7076666666666667	0.10292508117154198	4.594899558701476e-67	78.0	3.267604450588106e-26
1	7.800000000000001	10.0	0.8073333333333333	0.12419215508406323	1.3238432091114914e-72	78.0	3.267604450588106e-26
1	7.800000000000001	10.0	0.907	0.1476880734064991	3.814143965327368e-78	78.0	3.267604450588106e-26
1	7.800000000000001	10.0	1.0066666666666666	0.1736464248038459	1.0988985771213031e-83	78.0	3.267604450588106e-26
1	7.800000000000001	10.0	1.1063333333333334	0.2023252786379906	3.166052707440328e-89	78.0	3.267604450588106e-26
1	7.800000000000001	10.0	1.206	0.23400975060812873	9.121760601919515e-95	78.0	3.267604450588106e-26
1	7.800000000000001	10.0	1.3056666666666668	0.2690148372769424	2.6280837423581313e-100	78.0	3.267604450588106e-26
1	7.800000000000001	10.0	1.4053333333333333	0.3018858875743611	7.571810375503493e-106	78.0	3.267604450588106e-26
1	7.800000000000001	10.0	1.5050000000000001	0.31119308246722027	2.181525323509573e-111	78.0	3.267604450588106e-26
1	7.800000000000001	10.0	1.6046666666666667	0.31961738829721076	6.285224406187306e-117	78.0	3.267604450588106e-26
1	7.800000000000001	10.0	1.7043333333333333	0.327242556732403	1.8108451646382228e-122	78.0	3.267604450588106e-26
1	7.800000000000001	10.0	1.804	0.33414439468064816	5.217252397647979e-128	78.0	3.267604450588106e-26
1	7.800000000000001	10.0	1.9036666666666666	0.34039151793683586	1.5031501926451672e-133	78.0	3.267604450588106e-26
1	7.800000000000001	10.0	2.0033333333333334	0.3460460333384795	4.330747929058743e-139	78.0	3.267604450588106e-26
1	7.800000000000001	10.0	2.1029999999999998	0.3511641562113963	1.2477380980833921e-144	78.0	3.267604450588106e-26
1	7.800000000000001	10.0	2.2026666666666666	0.35579676924392256	3.594876420681087e-150	78.0	3.267604450588106e-26
1	7.800000000000001	10.0	2.3023333333333333	0.3599899283458066	1.035725085241819e-155	78.0	3.267604450588106e-26
1	7.800000000000001	10.0	2.4019999999999997	0.36378532052086265	2.9840426392070377e-161	78.0	3.267604450588106e-26
1	7.800000000000001	10.0	2.5016666666666665	0.3672206783054037	8.597368741461149e-167	78.0	3.267604450588106e-26
1	7.800000000000001	10.0	2.6013333333333333	0.3703301548926639	2.4770004391188903e-172	78.0	3.267604450588106e-26
1	7.800000000000001	10.0	2.7009999999999996	0.3731446636725727	7.136522068440178e-178	78.0	3.267604450588106e-26
1	7.800000000000001	10.0	2.8006666666666664	0.37569218556247497	2.056113774911053e-183	78.0	3.267604450588106e-26
1	7.800000000000001	10.0	2.900333333333333	0.3779980471841756	5.9238993655953255e-189	78.0	3.267604450588106e-26
1	7.800000000000001	10.0	3.0	0.38008517265285446	1.7067432805472447e-194	78.0	3.267604450588106e-26
1	8.9	10.0	0.01	0.001005016708416795	7.452917060188746e-29	89.0	8.747843132008693e-27
1	8.9	10.0	0.10966666666666666	0.01159060397772771	2.147270797142403e-34	89.0	8.747843132008693e-27
1	8.9	10.0	0.20933333333333334	0.023285588200654017	6.186533190997031e-40	89.0	8.747843132008693e-27
1	8.9	10.0	0.309	0.036206237050342205	1.782411094783296e-45	89.0	8.747843132008693e-27
1	8.9	10.0	0.4086666666666667	0.050481003353120224	5.1353305845508273e-51	89.0	8.747843132008693e-27
1	8.9	10.0	0.5083333333333333	0.06625180212410026	1.4795475796693107e-56	89.0	8.747843132008693e-27
1	8.9	10.0	0.608	0.08367542143941897	4.262746096796267e-62	89.0	8.747843132008693e-27
1	8.9	10.0	0.7076666666666667	0.10292508117154198	1.2281459910747627e-67	89.0	8.747843132008693e-27
1	8.9	10.0	0.8073333333333333	0.12419215508406323	3.538429315615553e-73	89.0	8.747843132008693e-27
1	8.9	10.0	0.907	0.1476880734064991	1.0194620275274529e-78	89.0	8.747843132008693e-27
1	8.9	10.0	1.0066666666666666	0.1736464248038459	2.937186906585375e-84	89.0	8.747843132008693e-27
1	8.9	10.0	1.1063333333333334	0.2023252786379906	8.46237200726341e-90	89.0	8.747843132008693e-27
1	8.9	10.0	1.206	0.23400975060812873	2.438106333265989e-95	89.0	8.747843132008693e-27
1	8.9	10.0	1.3056666666666668	0.2690148372769424	7.02446369316948e-101	89.0	8.747843132008693e-27
1	8.9	10.0	1.4053333333333333	0.3018858875743611	2.0238284730822057e-106	89.0	8.747843132008693e-27
1	8.9	10.0	1.5050000000000001	0.31119308246722027	5.830881711924756e-112	89.0	8.747843132008693e-27
1	8.9	10.0	1.6046666666666667	0.31961738829721076	1.679943828771183e-117	89.0	8.747843132008693e-27
1	8.9	10.0	1.7043333333333333	0.327242556732403	4.8401106509412254e-123	89.0	8.747843132008693e-27
1	8.9	10.0	1.804	0.33414439468064816	1.3944913343018801e-128	89.0	8.747843132008693e-27
1	8.9	10.0	1.9036666666666666	0.34039151793683586	4.0176893085386036e-134	89.0	8.747843132008693e-27
1	8.9	10.0	2.0033333333333334	0.3460460333384795	1.1575423226295224e-139	89.0	8.747843132008693e-27
1	8.9	10.0	2.1029999999999998	0.3511641562113963	3.335012057380821e-145	89.0	8.747843132008693e-27
1	8.9	10.0	2.2026666666666666	0.35579676924392256	9.608551847684429e-151	89.0	8.747843132008693e-27
1	8.9	10.0	2.3023333333333333	0.3599899283458066	2.768333877693608e-156	89.0	8.747843132008693e-27
1	8.9	10.0	2.4019999999999997	0.36378532052086265	7.975887084621849e-162	89.0	8.747843132008693e-27
1	8.9	10.0	2.5016666666666665	0.3672206783054037	2.29794445313199e-167	89.0	8.747843132008693e-27
1	8.9	10.0	2.6013333333333333	0.3703301548926639	6.620641257398695e-173	89.0	8.747843132008693e-27
1	8.9	10.0	2.7009999999999996	0.3731446636725727	1.907482602524622e-178	89.0	8.747843132008693e-27
1	8.9	10.0	2.8006666666666664	0.37569218556247497	5.49567592847266e-184	89.0	8.747843132008693e-27
1	8.9	10.0	2.900333333333333	0.3779980471841756	1.5833672019246623e-189	89.0	8.747843132008693e-27
1	8.9	10.0	3.0	0.38008517265285446	4.56186232368961e-195	89.0	8.747843132008693e-27
1	10.0	10.0	0.01	0.001005016708416795	2.323658034901547e-29	100.0	2.7307942836962656e-27
1	10.0	10.0	0.10966666666666666	0.01159060397772771	6.694725032621031e-35	100.0	2.7307942836962656e-27
1	10.0	10.0	0.20933333333333334	0.023285588200654017	1.9288269869839794e-40	100.0	2.7307942836962656e-27
1	10.0	10.0	0.309	0.036206237050342205	5.557171545641805e-46	100.0	2.7307942836962656e-27
1	10.0	10.0	0.4086666666666667	0.050481003353120224	1.6010847938196416e-51	100.0	2.7307942836962656e-27
1	10.0	10.0	0.5083333333333333	0.06625180212410026	4.612908735939513e-57	100.0	2.7307942836962656e-27
1	10.0	10.0	0.608	0.08367542143941897	1.3290318594146925e-62	100.0	2.7307942836962656e-27
1	10.0	10.0	0.7076666666666667	0.10292508117154198	3.829093061342512e-68	100.0	2.7307942836962656e-27
1	10.0	10.0	0.8073333333333333	0.12419215508406323	1.1032055829631137e-73	100.0	2.7307942836962656e-27
1	10.0	10.0	0.907	0.1476880734064991	3.178461684747631e-79	100.0	2.7307942836962656e-27
1	10.0	10.0	1.0066666666666666	0.1736464248038459	9.157512287305505e-85	100.0	2.7307942836962656e-27
1	10.0	10.0	1.1063333333333334	0.2023252786379906	2.638384212544232e-90	100.0	2.7307942836962656e-27
1	10.0	10.0	1.206	0.23400975060812873	7.601487210290233e-96	100.0	2.7307942836962656e-27
1	10.0	10.0	1.3056666666666668	0.2690148372769424	2.190075559635181e-101	100.0	2.7307942836962656e-27
1	10.0	10.0	1.4053333333333333	0.3018858875743611	6.309858616111984e-107	100.0	2.7307942836962656e-27
1	10.0	10.0	1.5050000000000001	0.31119308246722027	1.8179425627649903e-112	100.0	2.7307942836962656e-27
1	10.0	10.0	1.6046666666666667	0.31961738829721076	5.23770081483849e-118	100.0	2.7307942836962656e-27
1	10.0	10.0	1.7043333333333333	0.327242556732403	1.5090416159263297e-123	100.0	2.7307942836962656e-27
1	10.0	10.0	1.804	0.33414439468064816	4.347721794544003e-129	100.0	2.7307942836962656e-27
1	10.0	10.0	1.9036666666666666	0.34039151793683586	1.252628463208454e-134	100.0	2.7307942836962656e-27
1	10.0	10.0	2.0033333333333334	0.3460460333384795	3.608966122921974e-140	100.0	2.7307942836962656e-27
1	10.0	10.0	2.1029999999999998	0.3511641562113963	1.039784489890758e-145	100.0	2.7307942836962656e-27
1	10.0	10.0	2.2026666666666666	0.35579676924392256	2.9957382491084095e-151	100.0	2.7307942836962656e-27
1	10.0	10.0	2.3023333333333333	0.3599899283458066	8.631065133616288e-157	100.0	2.7307942836962656e-27
1	10.0	10.0	2.4019999999999997	0.36378532052086265	2.4867087557768597e-162	100.0	2.7307942836962656e-27
1	10.0	10.0	2.5016666666666665	0.3672206783054037	7.164492841065733e-168	100.0	2.7307942836962656e-27
1	10.0	10.0	2.6013333333333333	0.3703301548926639	2.0641724749807466e-173	100.0	2.7307942836962656e-27
1	10.0	10.0	2.7009999999999996	0.3731446636725727	5.947117403824969e-179	100.0	2.7307942836962656e-27
1	10.0	10.0	2.8006666666666664	0.37569218556247497	1.7134326633828276e-184	100.0	2.7307942836962656e-27
1	10.0	10.0	2.900333333333333	0.3779980471841756	4.936595820454019e-190	100.0	2.7307942836962656e-27
1	10.0	10.0	3.0	0.38008517265285446	1.4222898171212913e-195	100.0	2.7307942836962656e-27
